42344593
42340288
42292198
42280459
42269188
42253047
42234996
42218728
42185315
42152523
42152146
42144279
42144253
42115889
42112160
42069119
42020159
42020158
42020157
42014462
41946746
41881552
41865480
41861976
41857632
41851747
41848860
41846685
41835928
41813511
41802284
41772493
41761476
41755627
41724869
41628730
41586004
41566263
41566262
41566261
41460735
41444232
41419872
41388620
41341656
41332622
41301747
41275148
41272635
41219961
41212465
41204195
41151388
41120892
41093635
41079004
41071435
41069018
41046934
40987456
40974041
40944258
40889955
40888302
40878765
40854762
40854761
40854760
40854759
40835392
40817906
40784889
40699163
40697781
40696436
40677177
40674590
40598486
40577674
40564116
40519626
40518384
40509832
40486490
40465188
40447325
40447121
40379147
40368811
40334539
40304040
40297899
40274560
40274559
40258204
40181317
40128564
40113396
40077736
40059156
40050560
40019942
39968650
39947200
39923994
39910910
39845984
39828548
39762253
39740297
39737804
39736748
39674076
39656835
39653525
39649266
39643329
39643204
39578996
39578356
39570587
39513287
39465247
39444118
39443903
39401857
39385593
39358758
39349436
39322770
39308399
39225766
39193696
39142240
39085848
39081880
39036669
39030074
39008896
39004962
39004961
39002770
38987358
38977296
38889989
38889975
38885669
38876387
38809553
38699413
38685601
38678343
38654428
38629743
38623619
38587297
38572088
38532314
38525868
38514308
38514307
38461358
38413054
38413053
38367798
38357394
38304719
38267203
38228525
38228522
38228521
38228520
38228519
38198221
40017861
38129138
38108203
38001522
38001425
38000378
37942646
37940228
37898918
37870428
37869961
37852733
37744541
37710209
37682069
37676847
37661606
37661427
37640499
37601966
37537725
37532222
37518346
37482703
37482702
37476847
37433779
37410540
37403464
37392542
37380406
37308998
37291211
37280568
37236043
37223569
37221059
37200020
37124162
37111029
37106459
37099076
37059339
37037666
37027436
37022778
37020268
37019571
37011136
37008262
36978155
36942332
36937945
36916124
36915869
36824348
36758480
36739230
36727769
36726144
36725338
39036307
36601918
36572456
36539279
36510257
36483267
36462513
36388344
36362780
36274151
36271961
36205613
36181771
36180916
36117339
36117338
36115952
36083018
36071519
36035906
35991535
35981987
35926549
35922875
35862220
35856194
35856193
35856192
35838536
35760551
35649571
35616543
35607895
35602414
35534062
35527564
35513801
35504339
35495958
35460564
35452448
35445833
35443297
35443296
35410902
35400017
35345298
35292536
35284848
35274091
35267971
35267955
35240390
35234872
35215443
35212748
35199334
35191418
35184481
35184480
35184479
35184478
35184477
35183210
35123520
35064782
35042752
35024647
34999880
34931664
34902008
34874895
34865822
34853434
34850013
34848488
34838195
34818839
34814468
34814467
34814466
34814465
34814464
34814406
34785558
34746045
34728472
34718577
34702709
34698828
34674714
34536011
34530818
34515027
34475424
34422742
34342284
34333624
34329444
34327415
34324491
34229688
34152010
34052074
34051827
34045308
34029563
33990061
33986040
33964851
33826715
33805392
33782052
33772150
33766948
33726720
33709113
33705376
33634874
33618446
33596318
33558007
33557863
33521941
33484129
33322167
33300571
33297624
33271078
33263724
33177548
33129001
33125374
33006619
33002439
32875324
32867859
32842310
32826226
32564541
32522178
32447914
32380244
32371798
32325946
32307596
32221345
32199125
32199124
32157821
32111718
32062942
32062912
32062911
32049295
31988070
31980495
31974579
31972151
31970429
31924633
31908799
31876618
31783873
31768588
31754945
31745826
31711152
31704783
31694922
31692116
31685026
31642603
31576770
31484254
31466528
31461308
31399431
31357794
31326317
31200646
31199446
31177730
31177729
31152367
31152186
31150080
31133121
31115907
31095433
31019987
31006195
31006194
30967410
30955975
30858617
30786877
30784202
30744262
30744261
30692555
30669727
30669726
30669722
30665257
30592161
30580702
30572374
30462948
30453429
30443748
30400175
30293310
30293305
30067849
29970599
29936752
29909773
29907132
29886721
29872150
29773119
29734463
29718904
29707772
29699030
29668705
29548855
29531747
29522945
29495200
29420958
29404576
29374887
29306691
29304221
29298802
29271112
29161448
29158491
29141327
29136356
29120959
29117982
28986011
28939702
28900029
28784170
28738458
28651394
28637778
28605451
28593646
28592782
28582543
28468061
28468060
28449053
28407795
28403155
28399126
28335373
28268813
28259178
28254173
28231667
28230295
28128654
28100370
28077466
28064359
28063165
28057133
28057132
28003250
27836305
27765126
27665439
27649806
27539338
27524817
27470992
27318909
27301456
27193915
27087208
27053236
26975032
26850239
26850238
26850237
26850236
26850235
26850234
26814852
26714526
26272939
26242395
26184308
25897789
25876866
25848242
25716579
25690792
25652532
25623450
25518843
25478177
25376674
25135908
25106853
24639443
24603814
24461961
24344928
24290039
24057999
23937832
23918852
23364014
22688260
22613372
22158673
