42227395
42227366
42223506
42220297
42219961
42218054
42216396
42216389
42216352
42216331
42210767
42210128
42209495
42209116
42200571
42200243
42199945
42199875
42198964
42196425
42192083
42190866
42185861
42180398
42178310
42178167
42177912
42175707
42175494
42175487
42175454
42175437
42174728
42174554
42173832
42173079
42171393
42170302
42164282
42163948
42157969
42152330
42152301
42145868
42134034
42125268
42118391
42118116
42116383
42116317
42116291
42116288
42114461
42112763
42112340
42112149
42110619
42106630
42104642
42098041
42092244
42087449
42086352
42085056
42083616
42083122
42079477
42078410
42074584
42071857
42071849
42071838
42069741
42067686
42067089
42058724
42058110
42054755
42051519
42051091
42050911
42047863
42047173
42045633
42032965
42026994
42025820
42025426
42025296
42024473
42024114
42019808
42015547
42011270
42010892
42010886
42007325
42006396
42005973
42002509
42001686
41995538
41995537
41995490
41992590
41991682
41990104
41988141
41988095
41984189
41981742
41978582
41967304
41961712
41961674
41961647
41956766
41955302
41954593
41954291
41951048
41948706
41943070
41941971
41940328
41939841
41938706
41937214
41931314
41926501
41926080
41919146
41914530
41914438
41908943
41898761
41895592
41891036
41890708
41888349
41888180
41885234
41884603
41884417
41884389
41880212
41878282
41876152
41874860
41873862
41870236
41869993
41869075
41868050
41866693
41861673
41861211
41861178
41851812
41850335
41849624
41849060
41844385
41837488
41836453
41832569
41824808
41821648
41821112
41819985
41819524
41812932
41812606
41811388
41810366
41810034
41807677
41806534
41801343
41801273
41799426
41799166
41798317
41797472
41796324
41793359
41793208
41792138
41791885
41790783
41790701
41790691
41790622
41790153
41787531
41786041
41785432
41776626
41767324
41760581
41760004
41752920
41748903
41747774
41747595
41746865
41743793
41740900
41740536
41737652
41737303
41736152
41732417
41731807
41731789
41731770
41731762
41728547
41728327
41724399
41722793
41716793
41714395
41713536
41711838
41710145
41709289
41704728
41702668
41702666
41702656
41702378
41701340
41699864
41699549
41698610
41697450
41695499
41694684
41694368
41693713
41686600
41685402
41680881
41680136
41678870
41678453
41676037
41671159
41668912
41665765
41664207
41664201
41664179
41659099
41651080
41650064
41650037
41650031
41648361
41635152
41632728
41630328
41630292
41630277
41630266
41630247
41628713
41626871
41624597
41620758
41618121
41612813
41609166
41603368
41603219
41601566
41591677
41587130
41585411
41582592
41581718
41579494
41578565
41578541
41578456
41578317
41573111
41572713
41572584
41571951
41571946
41570284
41569577
41568477
41567726
41567565
41560095
41560067
41560044
41560008
41559995
41556068
41553215
41549014
41548865
41541724
41541708
41541644
41540534
41540060
41540021
41533846
41532257
41530975
41530724
41529867
41527091
41522467
41521718
41520276
41519815
41518141
41517772
41517706
41517677
41514346
41510583
41508967
41504506
41497137
41496099
41496097
41492523
41489638
41489495
41488612
41483426
41482248
41476372
41472358
41467944
41467369
41466414
41465895
41465162
41463216
41462406
41461542
41460465
41454068
41449919
41448284
41447852
41445618
41444654
41443202
41442179
41436110
41431023
41430998
41430986
41430975
41429762
41424108
41422869
41420912
41420535
41416118
41413047
41408424
41408349
41405007
41404655
41403944
41403607
41403598
41398882
41398876
41398864
41398851
41398848
41398842
41398839
41398837
41398807
41398793
41398582
41397692
41391741
41391118
41390737
41386873
41383833
41383373
41382250
41382106
41382013
41379398
41378022
41378016
41377556
41377413
41376171
41369912
41368656
41367025
41366971
41366924
41364147
41357784
41356703
41351645
41346267
41345547
41335284
41333917
41333040
41331717
41328755
41327691
41327652
41323472
41321402
41318034
41314550
41314048
41312363
41311633
41311537
41311062
41306693
41305796
41305784
41305760
41305730
41305726
41305717
41305687
41301918
41301882
41299773
41299637
41297835
41294017
41292372
41291527
41286868
41286463
41285252
41284113
41283971
41282674
41282433
41281950
41278369
41277422
41276936
41274575
41273989
41270966
41266372
41265617
41265278
41264079
41261954
41261720
41261714
41261695
41261668
41261649
41261648
41261637
41261634
41261570
41254737
41254644
41251902
41251092
41250989
41250910
41248854
41243889
41242720
41239930
41239720
41239680
41239641
41239610
41239602
41239593
41239582
41239515
41239333
41239138
41239078
41236085
41235099
41234868
41232325
41230735
41220142
41219819
41217734
41213931
41213472
41212630
41211168
41206519
41204596
41204553
41204552
41204547
41204532
41204530
41204489
41204481
41202422
41200820
41200769
41200167
41197911
41196451
41196107
41189590
41189267
41189249
41189233
41187262
41186856
41186485
41184868
41184533
41183960
41183465
41182656
41180196
41177795
41175380
41174675
41171338
41170748
41170569
41168822
41165052
41163284
41163282
41163278
41162548
41151919
41148396
41148015
41146943
41144108
41142151
41137360
41137358
41137267
41137238
41137236
41137215
41132577
41132350
41127252
41126404
41124083
41123770
41120779
41111566
41111381
41107957
41107716
41106624
41105381
41105334
41102537
41099891
41098970
41097903
41097816
41094627
41094299
41090995
41089542
41089402
41088678
41088644
41088635
41088629
41088607
41088586
41088580
41088572
41088040
41085868
41084596
41084245
41083074
41082153
41076319
41075270
41071420
41070538
41067896
41066853
41065954
41064534
41063934
41060444
41058202
41057938
41056187
41050715
41049426
41049388
41048997
41047677
41045498
41045077
41043791
41040737
41038678
41032335
41032333
41030199
41029122
41029098
41029044
41029038
41023650
41021077
41020910
41019153
41008513
41006052
41005615
41005202
40996951
40996707
40996096
40994608
40994391
40994081
40990651
40988222
40988180
40988171
40988167
40986097
40984004
40980422
40979581
40979545
40976183
40974350
40974070
40972893
40971882
40969908
40963887
40961174
40958306
40958296
40958285
40958279
40958276
40953858
40950438
40937292
40937195
40937009
40934096
40933551
40927812
40927699
40927337
40923143
40922984
40922807
40922636
40922374
40922268
40920026
40919435
40917734
40914412
40910637
40910294
40909989
40908840
40908541
40904551
40900121
40898946
40898658
40898525
40898502
40898473
40897285
40892678
40892529
40891298
40888768
40887362
40886111
40886020
40883272
40880763
40855105
40883588
40878475
40878120
40866628
40866154
40865488
40859549
40859544
40859490
40859480
40859268
40860896
40858224
40847468
40847070
40845637
40840450
40836305
40833086
40830891
40826771
40826725
40826382
40826357
40824591
40824435
40823550
40822850
40820460
40820226
40819721
40810964
40810909
40810581
40809852
40809208
40808675
40806153
40799774
40798972
40797476
40797443
40797413
40797393
40797068
40795375
40793967
40791713
40791276
40790903
40785145
40784413
40781856
40779097
40774283
40773112
40772270
40769998
40768565
40765735
40765733
40764893
40764749
40764432
40760834
40760641
40760618
40760551
40760539
40760090
40758996
40754675
40753882
40751266
40747309
40746022
40745068
40739745
40739408
40735990
40735789
40730952
40730666
40729915
40727246
40727161
40727005
40725974
40725927
40722384
40722339
40722198
40722147
40721144
40716683
40718635
40715462
40714005
40711530
40708517
40707728
40704698
40701953
40699496
40699416
40697619
40696660
40696598
40696067
40695667
40695397
40694910
40694027
40693144
40688943
40688334
40686015
40684330
40682633
40682483
40682148
40680229
40679760
40675620
40675462
40669929
40669713
40666678
40666163
40662427
40661804
40660567
40660510
40658235
40657554
40657364
40653840
40649979
40645183
40644836
40642874
40642590
40641356
40637029
40636979
40636509
40635764
40634061
40631492
40631427
40629613
40629249
40625359
40622612
40622200
40619960
40615557
40615097
40611294
40609175
40606285
40603007
40602538
40602047
40595807
40594700
40594694
40593839
40592928
40592148
40591044
40588408
40585072
40584772
40584697
40579010
40576426
40575950
40571323
40571265
40569446
40564200
40564099
40560110
40556628
40556359
40554434
40550089
40550047
40548311
40547287
40544884
40542847
40537683
40537337
40536885
40534257
40533517
40532682
40531294
40529500
40527779
40526188
40525585
40524203
40523815
40521080
40520855
40513936
40512471
40511653
40511586
40501500
40495196
40489886
40489885
40489873
40489840
40487248
40482012
40481092
40480391
40480287
40478403
40472801
40464192
40463816
40459852
40459497
40458666
40453734
40452205
40451550
40450304
40448142
40447747
40447325
40447157
40444654
40442727
40441263
40441249
40441243
40441232
40438617
40427057
40424652
40423389
40420090
40419887
40419871
40419866
40419210
40419157
40416952
40416681
40414823
40410146
40409638
40408117
40408003
40403523
40401008
40400971
40399540
40397292
40392315
40391094
40389789
40388735
40376529
40372048
40369498
40369022
40368142
40364530
40361162
40360801
40359939
40355763
40355193
40355178
40354008
40352360
40351677
40351332
40350422
40349828
40348923
40348582
40348210
40346920
40346281
40345928
40339110
40338389
40335896
40333164
40324614
40324257
40324243
40324241
40322556
40321604
40321089
40319023
40317917
40316856
40316594
40314641
40313291
40312834
40311803
40306283
40305610
40303911
40301889
40300556
40298034
40295474
40295238
40295233
40294825
40291381
40289841
40289092
40289090
40288303
40287509
40286918
40286789
40285955
40285728
40280189
40278994
40275698
40274636
40274126
40272711
40269921
40269770
40269514
40269081
40263428
40262517
40260050
40258744
40258719
40256460
40255632
40247858
40247857
40247856
40245929
40242471
40241835
40241087
40238033
40232815
40232262
40231997
40230302
40229883
40229705
40229327
40229195
40227003
40226698
40225727
40225312
40225016
40225015
40225008
40223054
40222170
40220658
40215796
40214956
40212964
40211908
40211528
40211413
40211366
40210146
40209607
40206863
40206264
40204920
40195352
40195255
40194901
40193678
40193647
40193631
40193247
40192902
40192887
40191156
40186305
40185386
40185222
40184471
40184142
40179848
40178608
40177736
40176680
40174283
40170563
40168564
40166541
40165277
40165268
40164825
40161299
40160699
40160028
40157129
40156736
40155631
40155605
40155430
40154232
40153197
40153185
40149725
40146608
40143549
40141382
40139721
40138087
40135505
40133449
40128726
40128053
40126442
40125526
40124580
40122887
40122118
40121277
40119483
40119457
40118817
40115862
40109242
40107973
40107167
40106219
40105993
40103821
40103195
40099350
40099043
40098143
40092126
40091050
40088503
40088380
40087593
40081583
40081564
40079833
40078581
40073855
40070259
40069797
40069456
40068088
40068065
40068044
40068038
40064973
40062495
40062439
40058366
40056294
40055671
40054570
40052860
40045558
40045304
40045256
40038580
40034746
40033246
40032851
40028715
40028697
40027634
40027273
40025200
40022259
40020998
40016652
40013783
40008303
40008261
40001646
40001102
40001090
40000981
39999931
39998153
39994764
39994250
39993105
39993087
39992613
39991491
39991127
39991120
39988492
39986329
39986193
39984542
39982470
39979613
39979134
39978332
39976023
39974799
39974404
39974125
39974076
39972428
39968006
39967934
39967928
39966504
39965633
39965389
39964652
39963897
39960957
39960918
39960903
39959816
39958618
39955590
39955316
39953382
39952338
39952317
39950509
39948543
39947651
39947606
39945912
39939259
39936441
39936290
39936199
39935692
39934551
39932515
39931347
39929265
39928790
39925840
39924945
39922885
39922081
39920782
39920705
39920341
39913178
39913044
39912928
39911358
39911357
39911233
39909996
39908042
39906935
39905226
39904833
39904706
39902040
39901313
39900481
39898361
39895541
39892755
39889759
39889191
39889180
39889170
39885253
39883542
39882449
39882037
39881850
39881812
39875008
39871723
39871145
39867972
39865174
39863741
39863464
39858962
39857814
39856373
39854747
39853021
39850014
39849535
39849060
39847889
39844355
39844252
39843788
39843573
39842621
39840844
39839077
42125182
39834555
39833481
39830794
39829373
39828257
39825539
39824903
39823005
39821601
39816560
39809352
39809179
39808133
39806440
39806364
39801100
39800332
39800125
39799299
39794838
39793280
39792752
39791936
39788365
39786739
39780859
39778693
39778466
39778021
39777226
39775133
39773528
39772304
39768593
39767734
39766252
39762845
39760889
39755304
39754686
39754389
39752762
39751938
39751714
39749852
39746811
39744497
39742733
39742251
39741705
39734575
39734574
39733319
39732896
39732592
39732499
39730323
39726944
39726856
39725839
39725442
39723230
39723082
39723060
39720899
39720342
39716115
39713086
39709285
39707330
39707285
39706855
39705472
39704160
39703337
39702585
39702383
39701539
39698580
39698568
39696529
39696372
39696061
39692780
39689867
39686495
39686445
39686424
39683449
39678547
39678507
39678421
39676580
39673021
39671847
39671389
39670376
39669498
39669193
39666174
39665953
39662749
39662686
39660282
39660030
39657297
39656309
39654951
39654255
39654251
39654229
39654221
39654194
39649224
39644568
39641795
39640975
39640897
39639919
39639918
39639036
39638962
39638265
39633572
39631262
39628070
39624104
39620646
39619672
39618883
39617479
39615299
39614876
39614691
39614281
39614164
39612432
39611306
39606572
39606340
39604873
39604029
39600790
39596826
39592890
39585470
39584007
39583190
39582071
39580426
39578790
39578729
39578329
39574830
39570117
39568814
39568808
39568230
39567890
39566493
39566130
39565405
39563277
39560825
39560595
39560526
39560352
39559299
39558015
39558002
39555188
39554979
39551000
39550220
39548401
39546901
39541979
39541335
39539656
39539642
39533573
39526130
39524914
39533856
39533633
39533579
39533575
39533571
39528917
39526404
39524990
39522012
39519513
39512756
39511824
39511132
39507900
39506811
39506244
39505739
39504041
39503246
39503011
39502567
39501838
39500755
39499159
39498131
39497808
39497807
39497194
39495546
39492919
39490725
39489852
39484277
39484123
39488238
39488097
39484261
39487740
39479764
39479260
39478690
39478651
39478357
39477889
39477058
39475784
39474612
39473508
39472987
39472885
39472519
39472117
39471697
39470544
39470534
39470531
39469634
39469328
39465791
39464879
39464681
39464515
39464184
39463412
39462363
39462039
39459525
39457690
39455528
39453753
39452042
39449751
39449364
39445015
39444820
39444457
39443521
39440431
39439804
39436105
39434879
39434801
39432624
39432592
39430856
39429737
39428439
39421746
39421691
39419750
39416647
39415792
39412044
39411195
39408279
39403583
39403517
39403374
39402334
39401521
39400597
39399721
39399654
39398424
39397782
39395678
39395132
39391920
39391305
39390683
39390505
39390078
39390048
39389014
39387050
39386195
39384108
39381510
39379490
39377966
39375737
39375304
39372270
39371946
39371915
39371139
39370703
39370105
39368924
39366807
39367514
39365385
39365109
39364316
39362746
39360292
39359474
39358768
39357585
39355245
39351491
39351228
39351220
39350769
39350628
39350373
39346904
39343950
39336141
39333915
39333658
39332193
39331875
39328405
39327062
39321259
39320275
39319183
39318631
39316794
39316602
39316280
39315306
39314522
39314521
39312384
39312361
39312332
39312328
39309611
39309525
39306224
39305811
39301493
39300828
39300167
39299705
39299582
39296957
39296574
39296542
39293485
39288744
39287267
39286458
39286351
39286243
39285309
39283829
39281815
39280015
39280012
39280009
39279934
39279352
39268635
39276058
39275260
39271387
39270013
39268473
39268072
39267703
39267096
39267020
39264754
39262212
39261770
39261665
39257908
39254198
39253131
39253091
39252217
39251963
39251923
39250894
39248096
39243698
39243281
39240279
39239107
39237840
39234237
39232938
39227644
39225363
39224605
39221257
39221148
39220896
39220640
39220291
39219304
39216403
39216167
39216119
39215321
39215202
39214524
39213079
39212570
39212392
39210292
39206317
39206119
39205942
39203827
39203740
39202443
39199149
39198455
41775939
39193433
39188772
39187931
39187806
39186136
39185608
39180677
39179767
39177387
39175633
39175569
39175567
39174884
39170741
39170693
39168247
39165915
39165512
39165263
39163002
39161872
39161599
39161423
39161322
39157683
39157682
39157679
39156738
39151532
39149550
39149073
39148655
39148320
39147865
39147144
39143707
39142612
39141892
39141363
39139767
39139765
39136778
39136194
39135799
39135422
39135059
39133382
39130745
39130628
39130408
39126459
39121258
39119575
39119343
39119008
39118079
39117358
39116870
39114294
39112975
39112560
39110727
39105077
39104742
39104723
39104661
39104371
39103815
39103720
39103489
39102294
39101981
39100823
39099830
39098611
39098479
39098392
39098364
39093866
39092429
39090671
39090426
39087016
39086950
39086901
39083171
39082168
39081133
39080576
39077366
39076206
39075276
39075078
39073618
39070268
39070143
39063658
39062709
39062030
39055981
39054435
39051921
39050738
39050602
39050567
39050566
39050365
39050158
39050133
39050131
39048956
39045320
39045316
39045268
39044964
39044827
39044823
39044191
39043809
39041034
39040677
39040085
39039470
39038197
39036049
39035989
39035234
39034037
39033731
39029667
39029026
39029004
39027441
39027094
39027091
39026678
39026146
39024248
39021826
39016200
39015929
39015781
39011893
39011400
39010855
39010148
39010041
39009924
39006368
39006363
39004721
39004376
39004241
39001774
38997745
38994009
38993524
38992866
38992852
38990459
38988665
38986270
38984704
38983268
38982318
38980841
38979494
38975351
38974683
38974388
38970068
38968531
38968504
38966529
38966010
38965329
38964658
38962478
38962452
38960375
38958660
38957867
38957866
38957811
38956883
38955238
38953300
38952712
38952391
38951193
38948518
38947239
38946785
38943703
38943064
38941401
38941394
38940861
38937531
38935111
38933877
38933282
38932472
38931433
38931287
38927665
38927386
38925660
38919955
38910168
38909219
38907314
38905357
38904048
38904045
38904040
38904039
38903897
38903813
38903760
38903171
38903170
38902823
38901934
38901247
38899286
38898610
38895120
38894977
38890685
38887501
38887450
38887301
38887269
38885114
38882664
38879601
38878456
38878115
38877527
38877415
38877395
38875426
38873604
38873223
38872630
38872627
38870908
38867366
38866570
38863695
38863045
38863024
38862880
38862513
38860220
38857589
38857222
38856136
38855765
38855762
38851890
38851830
38848523
38848344
38848038
38848015
38847920
38846958
38846540
38844880
38841096
38840504
38840241
38836234
38836062
38836036
38834983
38834872
38830831
38828408
38828235
38827393
38827362
38824176
38818872
38818501
38813935
38811927
38809509
38808604
38807496
38803862
38803481
38803319
38802400
38800978
38800490
38800249
38797326
38795606
38794754
38788766
38788669
38787985
38780189
38779749
38778174
38776927
38776057
38772918
38766240
38763176
38762700
38762688
38760772
38757060
38752182
38751976
38751703
38750912
38746677
38745961
38744939
38743124
38742944
38742127
38741062
38740536
38736244
38731833
38729796
38728475
38728465
38726270
38725647
38720886
38720515
38716069
38713537
38712163
38711980
38711527
38711464
38711061
38709755
38709145
38708455
38707908
38703417
38701500
38701321
38699385
38697862
38695130
38694896
38689755
38686204
38685730
38685026
38682722
38681769
38681765
38681667
38680919
38680495
38673519
38671184
38664229
38663478
38660492
38655262
38654235
38650934
38650858
38648753
38648391
38646627
38644415
38634868
38634508
38632254
38628866
38628696
38619404
38616612
38609963
38609009
38608311
38608121
38607442
38606083
38601930
38596649
38591041
38590722
38590415
38587181
38586880
38585691
38585265
38585146
38584824
38583262
38581229
38580943
38580915
38578766
38578756
38577173
38573543
38573314
38572516
38571956
38570925
38566993
38566359
38562485
38562416
38561338
38558850
38554235
38551704
38551043
38548111
38548025
38547239
38546604
38545784
38545121
38542719
38535961
38534495
38533503
38533501
38533250
38532472
38529201
38526151
38525495
38525244
38525192
38524522
38519926
38518854
38518006
38516410
38509724
38509615
38507680
38506069
38505559
38504196
38504175
38503741
38503356
38499600
38498041
38496761
38496424
38495789
38491971
38491418
38485964
38484892
38481313
38479924
38479056
38477908
38475866
38472621
38471132
38469141
38466796
38464560
38464364
40217372
38457382
38456156
38456064
38454350
38451424
38451326
38451181
38450701
38449867
38443833
38441677
38440060
38439604
38438963
38438337
38437213
38435140
38435062
38434974
38431915
38431707
38429768
38428885
38426001
38425468
38425433
38424453
38422475
38420789
38419663
38419189
38418465
38416767
38414603
38413695
38411971
38410634
38408649
38408068
38404289
38403592
38397136
38393908
38390325
38390322
38390242
38386728
38385833
38383373
38382819
38382313
38378549
38375439
38375360
38375193
38375191
38374757
38374751
38369908
38369514
38366089
38364394
38361503
38356548
38351510
38349335
38347176
38343175
38341813
38341154
38341150
38336194
38335208
38332312
38330803
38330144
38327884
38326796
38319384
38318294
38317496
38317018
38315350
38310246
38308930
38308812
38301482
38298896
38297958
38296956
38294056
38293274
38291637
38290287
38290183
38287401
38286567
38285276
38283427
38283337
38279876
38276301
38274878
38274819
38274744
38274231
38274229
38269249
38268919
38264647
38263233
38263093
38260157
38260127
38260009
38259461
38256693
38254956
38254716
38244790
38243929
38243265
38243041
38242214
38240493
38240406
38240193
38239508
38232082
38225945
38224876
38223944
38222321
38220361
38215086
38212471
38211754
38211690
38211557
38205343
38198782
38198148
38194289
38194093
38193081
38192292
38191483
38188880
38188874
38188872
38188561
38183343
38182988
38182742
38180560
38178098
38177695
38176684
38174762
38173728
38173028
38169560
38167458
38167102
38166915
38162878
38161112
38156091
38152136
38151753
38150231
38148419
38146147
38145126
38130638
38128388
38128266
38125810
38125500
38123520
38116537
38116129
38114639
38112721
38111509
38110541
38109907
38107467
38106475
38104164
38103512
38100139
38099291
38093177
38093001
38090574
38085646
38077385
38076931
38075894
38061975
38057926
38053214
38051322
38049831
38042639
38040849
38037013
38036545
38035346
38034019
38031296
38029137
38029073
38027162
38025973
38022504
38022400
38019753
38018286
38016486
38016292
38015883
38015384
38014089
38013660
38004211
37989345
37988105
37986064
37984746
37982563
37980884
37979213
37973425
37967698
37965200
37964843
37962888
37955011
37952233
37951389
37950809
37950180
37950049
37940997
37939919
37936124
37931855
37928923
37922693
37920262
37916519
37915857
37914780
37910257
37907536
37904677
37899293
37886515
37884785
37881804
37877466
37876873
37876547
37874242
37869000
37866777
37856513
37849761
37848822
37848354
37840448
37840162
37829610
37829443
37828993
37828486
37827145
37823124
37822739
37822602
37815300
37814277
37814219
37813992
37810889
37810867
37809092
37808821
37807832
37805474
37800876
37799337
37795084
37791980
37790979
37789851
37789450
37788949
37788476
37788000
37787550
37782172
37781392
37781245
37780623
37780571
37779702
37777755
37771754
37771125
37768647
37764869
37760983
37755256
37754355
37753688
37753071
37752570
37752250
37751459
37746910
37745546
37742224
37741866
37736821
37729413
37726845
37711902
37710281
37704630
37700350
37698537
37697335
37697271
37691106
37690594
37689221
37684631
37680534
37678759
37675772
37671199
37671135
37667670
37664887
37664015
37659996
37659917
37656706
37654024
37652020
37649721
37640577
37637178
37634759
37624788
37615800
37612215
37605959
37605651
37605270
37600807
37600718
37599317
37596566
37592069
37583579
37581757
37580794
37577704
37576957
37563810
37563724
37563569
37559547
37556814
37553644
37550788
37549427
37548289
37547316
37544299
37543542
37541187
37537264
37536998
37533011
37528547
37522462
37522206
37516996
37515404
37513548
37505304
37503035
37502935
37502408
37501926
37499050
37495778
37494057
37492198
37487263
37484661
37480221
37478287
37475089
37469984
37468959
37467250
37465669
37464328
37460956
37457977
37456363
37453564
37448488
37441684
37436694
37432894
37426655
37425837
37425302
37424857
37424726
37415973
37409353
37405157
37404328
37403021
37400992
37398225
37392033
37363097
37350485
37344162
37333302
37324625
37323297
37322504
37314756
37313342
37304287
37302263
37301769
37301713
37300787
37289106
37288296
37287440
37287058
37285119
37283573
37275908
37275161
37270173
37263540
37244544
37237487
37236906
37228614
37226166
37223039
37223029
37213626
37212139
37209418
37206644
37201114
37189174
37188918
37188663
37183395
37182186
37173785
37168108
37153321
37151969
37148705
37144591
37143736
37142593
37140068
37139230
37138734
37130759
37125171
37118290
37113988
37091260
37082118
37081554
37079300
37077358
37074353
37065754
37049421
37047000
37035310
37033949
37032771
37032770
37020515
37014457
37012460
37008911
36999014
36989840
36988189
36971839
36967997
36966123
36958971
36949158
36947680
36936261
36928379
36928028
36927824
36924037
36923957
36922970
36911941
36910522
36908593
36908397
36904153
36902778
36899398
36896238
36889308
36882828
36873417
36869294
36866422
36865330
36864689
36864090
36860869
36860687
36860363
36860142
36857861
36851046
36849086
36845092
36842216
36839415
36835939
36835817
36826573
36806752
36802911
36800955
36800530
36800181
36798520
36791018
36773317
36765336
36747475
36747004
36742400
36741373
36737746
36736025
36734038
36733309
36727839
36726022
36717884
36716318
36713835
36713081
36711639
36696131
36677034
36671024
36669485
36653562
36653534
36653479
36653477
36653354
36652249
36645152
36633787
36595107
36593707
36582224
36580444
36576600
36570466
36561528
36561351
36561321
36553537
36553520
36542873
36540997
36529488
36523358
36521586
36514134
36505230
36480010
36473423
36459845
36450729
36448979
36441335
36440396
36437950
36424608
36419128
36407516
36407459
36406444
36396079
36386930
36384228
36383675
36380372
36367831
36353998
36348399
36347255
36309747
36302037
36299997
36299452
36297117
36285626
36277795
36276143
36267743
36267398
36253440
36246584
36213644
36212159
36211516
36204379
36198465
36185655
36184738
36180952
36163216
36161993
36159877
36159460
36158846
36156818
36114182
36093575
36092251
36089592
36082445
36072663
36071939
36071849
36067251
36055244
36051507
36042675
36042048
36040623
36018815
36014859
36005441
36003339
35986965
35984822
35983488
35978133
35968571
35967305
35957680
35956413
35952493
35932494
35923199
35904850
35879402
35876003
35867128
35861629
35838494
35812273
35811520
35793595
35783285
35769993
35765714
35764530
35758857
35747747
35727232
35717579
35704268
35694671
35679284
35640639
35637384
35625981
35604428
35601498
35594287
35583917
35578763
35565667
35558741
35499407
35498031
35429337
35419428
35384380
35366326
35346416
35334809
35333923
35299622
35242384
35233224
35228855
35221124
35220625
35198002
35197637
35197564
35197211
35194621
35186940
35166138
35113855
35101633
35082834
35070816
35066242
35029599
35013517
34993217
34958182
34956075
34918120
34910310
34906131
34869686
34862199
34859025
34856371
34796734
34791234
34763054
34739073
34704651
34690004
34668383
34666504
34651315
34650087
34630505
34624136
34597274
34594039
34559723
34507265
34469433
34459406
34454985
34454843
34445060
34397416
34386016
34371827
34367258
34367246
34344703
34340725
34316022
34232692
34203356
34187701
34139333
34111113
34098570
34093435
34081096
34057996
34045744
34043151
33947878
33934986
33909604
33888102
33837300
33834859
33822969
33818779
33794208
33782414
33768119
33758299
33693708
33655641
33611940
33608734
33575586
33462484
33436406
33418501
33418132
33413940
33384720
33382884
33318493
33310085
33275596
33261611
33243845
33199044
33179380
33131310
33110245
32895918
32895727
32649856
32369491
32277175
32273609
32251405
32154731
32066667
