42339981
42332914
42326799
42326776
42315158
42305533
42296096
42277823
42256007
42245063
42240401
42238393
42221328
42210358
42198943
42173832
42173079
42170857
42162961
42145622
42142497
42078360
42064929
42033863
42017216
41948706
41932550
41904542
41896945
41894076
41877849
41846316
41840298
41810366
41805402
41801273
41799924
41792138
41763442
41763234
41741130
41728327
41717697
41705751
41691648
41683293
41665936
41646717
41646688
41632728
41626871
41615269
41588240
41572430
41565822
41548865
41542675
41513650
41511773
41489281
41485611
41466414
41445618
41420111
41413047
41398582
41376171
41331360
41294101
41286868
41282879
41282843
41282674
41273924
41259721
41165296
41140761
41086816
41064534
41032333
41017299
41001506
40973184
40971195
40953603
40913361
40912238
40903904
40901574
40894127
40894051
40883272
40878746
40840450
40819635
40802183
40799756
40790903
40778174
40730666
40695203
40691405
40684263
40673980
40666354
40536509
40483170
40475156
40472801
40465239
40463544
40459439
40366759
40357661
40349666
40328918
40322892
40321252
40316537
40313292
40313291
40287056
40255156
40230699
40166553
40166541
40121538
40009360
39974097
39974076
39974071
39934103
39930085
39921525
39915329
39865691
39853431
39825822
39802770
39786773
39763526
39757155
39692476
39658624
39641929
39629945
39623103
39580711
39551068
39549463
39543357
39541127
39507405
39493575
39456027
39453656
39371182
39366959
39336717
39327043
39314966
39309525
39278656
39254429
39247144
39228734
39226462
39211851
39193854
39163132
39158558
39158361
39158116
39134740
39073889
39038097
39024449
39006437
39004925
38987242
38967582
38951900
38918629
38897203
38870908
38865417
38845201
38826407
38798430
38797326
38779869
38762090
38634508
38608262
38582945
38577307
38551561
38545784
38512255
38506808
38505680
38483390
38476344
38464744
38441278
38429522
38416462
38382819
38380516
38355787
38352469
38330144
38293137
38264362
38248536
38242899
38163586
38130828
38087273
38074507
38065710
38036714
38014167
37985822
37967698
37962888
37961706
37961155
37949200
37938835
37886514
37875548
37873320
37856045
37840448
37808641
37798822
37769328
37745546
37735503
37710416
37644460
37642191
37609230
37599888
37591043
37562936
37550530
37513548
37503035
37502926
37479185
37425708
37417779
37398205
37398003
37358378
37353210
37339630
37323297
37311464
37308786
37292833
37284538
37284530
37282553
37268996
37261792
37252880
37205546
37178685
37171501
37170406
37165447
37147289
37133828
37132202
37034805
37001235
36993749
36989840
36945581
36940203
36936389
36827430
36809323
36802703
36768488
36714216
36702773
36652249
36612580
36597157
39196206
36581621
36546606
36543923
36540997
36540996
36516638
36515925
36494783
36480927
36411363
36378845
36314129
36305680
36301540
36207451
36171425
36162363
36103194
36050444
36041056
35986173
35985109
35967117
35929454
35915156
35879402
35871921
35801699
35794577
35790736
35771531
35759254
35748351
35718050
35716666
35684976
35654975
35654908
35653334
35652341
35613103
35612496
35588732
35483132
35482673
35468170
35449297
35325778
35307047
35287516
35268096
35267208
35241783
35222515
35143253
35138379
35098260
35094024
35089317
34989438
34955171
34942434
34865855
34861974
34853358
34822319
34670548
34668925
34642702
34611967
34611531
34578913
34488071
34483344
34472679
34381935
34282949
34242657
34222732
34202057
34148359
34120358
34085609
34079032
34078102
34045744
34024555
33984066
33972514
33921792
33837377
33801200
33745578
33534346
33510476
33464320
33276944
33082346
32981348
32970095
32915777
32887874
32847391
32841307
32833022
32775763
32676590
32541925
32492095
32477652
32300774
32243820
31906708
31902601
31872970
31676865
31594949
31451708
31358989
31337231
31285632
31279615
31258967
31253243
31151762
31106297
30940813
30914216
30767326
30592535
30578418
30425582
30275531
30090940
29972609
29844141
29753396
29680824
29580627
33117892
27237867
27606389
27128302
26441289
22538255
