34247229
33936514
33766239
33521769
33500177
33491742
33485635
33453490
33444201
33443076
33413912
33413813
33412546
33407573
33405276
33396887
33388205
33387670
33385434
33385171
33382884
33373724
33373549
33371391
33371106
33359885
33357518
33357513
33356394
33334812
33334125
33333475
33333105
33332181
33328047
33327746
33320851
33320224
33319780
33318152
33318029
33312507
33311950
33311554
33310204
33310085
33309415
33309181
33307186
33303456
33300603
33298331
33297884
33293427
33293400
33293297
33290993
33287642
33283203
33280147
33279681
33277303
33276944
33275596
33262432
33262371
33261611
33259984
33257650
33257031
33252839
33252089
33248371
33248170
33247094
33239102
33237904
33237584
33236465
33234629
33231665
33228395
33226994
33219367
33216760
33214629
33213727
33210391
33204020
33203906
33201886
33199916
33199525
33199044
33197721
33197716
33197388
33195696
33189892
33189425
33189065
33184277
33181258
33179380
33176802
33176448
33175443
33172457
33171179
33168159
33167965
33166643
33161765
33157426
33156697
33152050
33152008
33148439
33144568
33143770
33142733
33141367
33139801
33132184
33131310
33128006
33127858
33125721
33125279
33125268
33125266
33125193
33120349
33115273
33115266
33110269
33109997
33109261
33104719
33099541
33097823
33096330
33095951
33095761
33091956
33090998
33087929
33082454
33081855
33080795
33079929
33079599
33076288
33075057
33070213
33067404
33063668
33057025
33054810
33053335
33051271
33050031
33038664
33038639
33036646
33033864
33031386
33020484
33018322
33017050
33008364
33006619
33004418
33002777
32999390
32992162
32991828
32989605
32989287
32989213
32986727
32985786
32981450
32981134
32980342
32979890
32979523
32971464
32971307
32970232
32970095
32969132
32964541
32964493
32963348
32963334
32963231
32960883
32959868
32958675
32957805
32956347
32955439
32951248
32949947
32949071
32947644
32946765
32945147
32943239
32939982
32934108
32929646
32929176
32926103
32925908
32921791
32918767
32918088
32916098
32913073
32911025
32908133
32901066
32898681
32895918
32895386
32892370
32888494
32888427
32887889
32887874
32886096
32885772
32878991
32875944
32873964
32873934
32868294
32864785
32861010
32860398
32859587
32857775
32856754
32856611
32856188
32855344
32851419
32847945
32847829
32844204
32843070
32839619
32839289
32838838
32835819
32835759
32835758
32830201
32828527
32826890
32826294
32818884
32818802
32818716
32817712
32817390
32814959
32814947
32814899
32814579
32808324
32808034
32807930
32805626
32805247
32805014
32804441
32803253
32801349
32801043
32797154
32791893
32791511
32791383
32791209
32790217
32778766
32769997
32766777
32764582
32763175
32762905
32761538
32758451
32758448
32757644
32754745
32748028
32747172
32746843
32746141
32745823
32744306
32741009
32740755
32737316
32737104
32732917
32732295
32732251
32728095
32727815
32726343
32725961
32723006
32719433
32717139
32716562
32713607
32713275
32710482
32709735
32709071
32706328
32705587
32702746
32701947
32697777
32694572
32693845
32692755
32692746
32691046
32690583
32687551
32687259
32683280
32681593
32679274
32678323
32675199
32671621
32668401
32665587
32665545
32665523
32665362
32665031
32664590
32663566
32659727
32651323
32651263
32650426
32649918
32649856
32646967
32645214
32641273
32638365
32636298
32635790
32632093
32630669
32628676
32627641
32624019
32623925
32623924
32623451
32620963
32616677
32616615
32615124
32614825
32613721
32605384
32603359
32601477
32600054
32590313
32589924
32588423
32588049
32581364
32581363
32581362
32581359
32581113
32580250
32580138
32574563
32573118
32569755
32561221
32558996
32558014
32556213
32555176
32553051
32548700
32546850
32546565
32546146
32542040
32542026
32540950
32537937
32533189
32532775
32527275
32527199
32526625
32521327
32519625
32518416
32517579
32511779
32511104
32507896
32503972
32502668
32497776
32495843
32493714
32493397
32492095
32491161
32488253
32488134
32488059
32483632
32480346
32479757
32479557
32478482
32471663
32471361
32470091
32469896
32469254
32467347
32466883
32466757
32464432
32461697
32457287
32457180
32454138
32454124
32451547
32450567
32448866
32437090
32433515
32432689
32428233
32427420
32425064
32424355
32423484
32415959
32413819
32409920
32409868
32407993
32403311
32399975
32398872
32392279
32392212
32392078
32390946
32390549
32386560
32385265
32383070
32382064
32381021
32380867
32380363
32379755
32376888
32376731
32376654
32376409
32371234
32370851
32369491
32367730
32367073
32366963
32358547
32352494
32349989
32348954
32347951
32345703
32343744
32343485
32341335
32339537
32338769
32336055
32330416
32329772
32329708
32327713
32326961
32318716
32317632
32314116
32313248
32313023
32310977
32308100
32306718
32306029
32302253
32300774
32299669
32299326
32297862
32296059
32290872
32285445
32284183
32277816
32277781
32277175
32277109
32276208
32275883
32270255
32269255
32253185
32251405
32249730
32247823
32247148
32246137
32245788
32239398
32238408
32232836
32227305
32226035
32222630
32222094
32219344
32218120
32215913
32206722
32204975
32203549
32203203
32200763
32198180
32197076
32193507
32193382
32190914
32189608
32188587
32184442
32182344
32181888
32179874
32179703
32178703
32172311
32170308
32170055
32169310
32169169
32165250
32163637
32161038
32154731
32153787
32152019
32151942
32151437
32148083
32141789
32139392
32134384
32132674
32131999
32116251
32114822
32113648
32111522
32109421
32109272
32108890
32108233
32108162
32108144
32107378
32099098
32094379
32092884
32088203
32084330
32076698
32075745
32071122
32068818
32066731
32066696
32066663
32066660
32062083
32060260
32059762
32054721
32051456
32051258
32051121
32049886
32049305
32045441
32042192
32032968
32020285
32019855
32017447
32008434
32007933
32005425
32001736
32001714
32000781
31999256
31996024
31995135
31993883
31992710
31988063
31986256
31978903
31974475
31974348
31969693
31969017
31968281
31959995
31959993
31959851
31959721
31957793
31955720
31951317
31951255
31951004
31949118
31946119
31943835
31928076
31927694
31927129
31919405
31915828
31915152
31914204
31913414
31911640
31908803
31908795
31902329
31900758
31899501
31887566
31886632
31884074
31881028
31879980
31879343
31875952
31873298
31873211
31872970
31866164
31866045
31862893
31862157
31858985
31857670
31857628
31852727
31848595
31844048
31837886
31837535
31834381
31834199
31833150
31825506
31821322
31817859
31816047
31815694
31815349
31812706
31809533
31805784
31802328
31802129
31802111
31801372
31800047
31797917
31792362
31786776
31780650
31780129
31779733
31778147
31777339
31776335
31768069
31768000
31767999
31764948
31761296
31761295
31758711
31757795
31756303
31755939
31748747
31745258
31745073
31738818
31738420
31738228
31735295
31734309
31730944
31728486
31727424
31723428
31722392
31718498
31712678
31707836
31707551
31704910
31703460
31703168
31702599
31701892
31700637
31700174
31698963
31694394
31691645
31690775
31689377
31685151
31680168
31679996
31676865
31676860
31675324
31671092
31670792
31669095
31668704
31668584
31666681
31665216
31663185
31662371
31659322
31659270
31659249
31657276
31653892
31653226
31651957
31648709
31647808
31644534
31644355
31642894
31640504
31637942
31636452
31636251
31630189
31626644
31623012
31619474
31619348
31615888
31610298
