37310314
35695039
39193262
35308982
35308936
35308900
35101186
35052378
35048874
35011056
34999880
34999329
34995980
34994160
34974070
34974068
34968759
34961328
34960314
34959947
34959842
34958606
34958182
34957633
34953058
34949768
34949725
34942286
34935565
34932184
34931067
34929384
34927450
34927447
34923368
34922553
34920091
34916228
34916160
34915881
34915199
34915036
34913977
34912076
34910310
34908513
34906840
34906469
34904537
34903548
34902614
34902367
34899607
34898631
34894623
34892715
34892091
34892078
34890546
34880091
34879260
34877740
34876023
34874411
34873743
34873324
34872017
34865855
34865661
34864475
34863088
34861179
34861175
34860312
34859289
34858340
34857774
34856983
34855049
34853431
34853365
34853021
34852818
34852643
34848757
34848700
34847940
34843158
34837533
34837083
34837057
34837000
34836419
34836358
34828364
34826803
34824196
34822764
34818611
34817294
34814924
34804013
34803924
34802694
34801547
34799693
34799441
34798518
34798442
34797907
34796734
34794437
34792618
34785596
34784738
34784347
34781951
34780848
34778946
34775867
34774301
34774031
34773885
34773754
34767815
34767756
34763054
34756163
34753499
34753021
34752807
34750514
34750467
34750372
34749668
34749302
34746972
34743566
34743561
34743558
34743557
34741163
34740793
34740709
34740077
34739861
34737426
34737282
34735956
34735433
34732801
34732503
34729606
34729547
34728654
34728408
34727735
34725455
34724200
34717822
34713982
34711957
34711762
34711360
34709397
34708477
34705035
34698806
34695175
34694461
34691063
34690355
34690138
34690004
34688815
34687547
34684543
34684540
34684344
34681038
34680902
34674714
34673766
34670632
34670400
34669738
34668055
34666504
34663986
34663819
34662886
34662507
34658127
34657960
34656649
34656633
34655051
34654381
34653688
34651513
34651315
34651172
34649359
34642422
34637446
34636470
34635557
34632698
34629060
34626721
34626176
34625411
34624770
34624136
34621014
34620902
34620113
34619639
34611950
34611362
34610981
34609279
34607837
34605583
34601962
34601942
34601303
34598789
34595832
34594039
34591027
34588469
34588209
34587216
34582556
34580220
34580193
34564026
34562549
34560893
34560273
34558660
34556640
34554798
34552103
34548389
34545148
34542801
34538101
34538014
34537917
34535985
34534883
34531019
34529658
34526168
34525106
34525088
34524977
34522964
34521982
34521884
34521848
34520576
34520132
34518635
34518561
34518331
34518160
34505416
34503678
34495953
34493869
34493817
34490505
34488088
34487048
34481527
34481456
34480536
34480103
34478634
34478452
34478404
34477303
34472355
34469753
34469433
34468045
34463125
34462574
34462559
34461747
34461734
34460827
34459231
34455223
34454985
34454843
34453350
34453097
34450262
34450030
34449871
34449869
34449774
34446809
34444731
34440368
34440348
34437535
34434913
34433621
34433084
34431594
34426670
34426507
34425897
34424144
34419604
34417442
34413458
34413324
34411094
34409647
34409635
34405381
34404683
34397416
34392144
34390586
34389699
34389476
34389338
34388580
34386016
34385509
34382107
34379647
34378841
34376796
34375979
34375391
34374755
34370750
34366141
34363748
34363732
34363033
34358570
34356065
34353880
34353878
34348882
34345974
34344910
34343768
34341450
34340725
34340684
34339747
34338756
34331763
34330672
34329492
34325833
34325683
34324541
34324486
34323927
34321609
34321526
34321244
34321086
34319147
34316022
34315903
34315874
34315717
34315448
34315237
34311738
34310561
34304048
34303793
34301914
34294918
34294844
34293465
34293202
34291601
34290369
34290314
34288382
34287672
34285202
34282681
34282121
34281550
34281439
34279996
34279741
34279564
34274964
34272580
34272439
34272381
34271846
34270736
34270325
34268815
34267339
34264281
34264024
34260443
34256879
34255042
34254341
34252528
34252012
34247495
34247229
34244291
34242477
34239941
34239500
34237797
34237696
34237695
34234209
34234147
34234142
34234104
34233295
34232692
34231371
34230579
34229259
34226943
34226706
34225788
34218988
34218855
34217276
34216337
34216101
34216018
34214457
34214102
34213766
34211121
34211116
34210680
34210415
34210368
34209487
34203356
34203027
34198962
34198753
34196490
34196464
34195880
34191436
34190994
34187783
34187701
34184784
34184762
34183854
34181993
34176420
34166620
34165394
34160554
34158615
34158612
34158032
34155245
34155093
34154662
34154633
34154561
34151951
34151730
34145844
34145383
34140684
34140656
34140617
34140420
34139591
34139403
34139333
34135474
34134711
34134689
34132789
34132352
34131090
34130677
34128465
34127677
34126762
34118634
34118445
34118094
34116867
34114748
34112768
34111113
34109441
34108472
34107350
34106216
34105796
34104963
34103634
34101927
34099659
34099641
34099068
34098570
34098431
34096654
34091767
34091070
34091049
34089721
34088708
34086673
34083695
34083597
34082327
34081690
34081057
34079032
34078102
34077762
34077760
34074949
34073949
34072775
34068824
34064914
34061844
34059803
34059777
34059199
34058985
34058855
34054130
34050765
34050118
34049995
34046847
34046741
34045744
34045472
34044131
34043151
34041857
34039019
34038933
34038024
34037671
34037209
34036468
34035478
34029863
34029116
34027909
34024907
34023889
34022383
34022066
34021356
34021172
34020082
34020018
34019889
34019699
34019542
34017140
34015477
34014383
34008499
34008483
34006848
34006267
34005834
34004046
34003914
34003790
34002094
34002035
34001814
34001033
33990588
33986429
33985349
33983917
33982937
33982900
33982892
33982758
33980691
33980502
33979322
33979311
33972514
33972266
33971878
33970300
33964208
33961036
33959859
33958431
33956230
33955455
33954931
33952538
33951428
33951071
33949807
33949018
33945818
33945532
33942721
33941403
33939221
33936514
33931204
33930003
33927267
33927215
33926923
33924952
33910933
33910839
33906905
33905882
33905677
33903187
33901317
33901276
33900812
33900275
33899139
33899104
33895308
33894687
33893922
33890984
33890578
33888102
33888095
33887147
33886544
33882922
33881211
33879782
33879453
33875891
33875748
33870707
33864366
33864017
33859377
33853828
33851951
33846525
33843952
33841339
33837531
33837300
33837184
33836139
33836062
33834943
33834859
33833052
33832965
33830993
33830181
33823024
33822910
33819874
33819843
33817817
33811807
33811805
33807714
33807197
33795632
33795309
33794315
33794208
33793566
33788949
33786811
33785582
33784428
33783834
33783821
33782946
33782808
33782378
33774696
33772217
33772150
33771188
33770530
33770123
33769074
33768317
33768223
33766948
33766239
33766008
33760818
33758299
33758211
33753889
33753722
33753719
33750369
33749976
33749377
33748832
33745545
33744940
33744603
33742053
33740410
33738883
33734375
33734370
33733673
33733359
33731442
33730676
33730541
33729212
33724209
33723403
33723399
33720423
33715383
33713785
33712906
33712841
33712626
33712516
33711095
33707627
33707223
33705547
33693791
33693708
33693684
33691763
33691092
33691016
33690615
33690154
33686714
33686097
33684206
33683678
33683357
33682710
33677592
33675346
33672201
33671849
33667465
33664500
33664449
33663581
33663556
33662329
33662324
33661905
33656795
33655641
33651632
33649522
33648986
33648505
33644868
33640972
33640962
33640581
33637952
33636100
33635603
33635378
33632741
33632708
33632154
33631543
33631142
33624430
33622890
33622282
33621267
33620764
33620747
33619569
33611520
33608734
33608531
33606446
33604983
33604756
33602785
33593342
33592239
33592063
33591358
33591285
33589468
33587202
33587031
33583074
33580673
33579919
33578220
33577681
33574263
33571551
33568662
33568206
33567105
33564816
33563987
33563654
33561890
33560296
33560057
33558700
33550402
33548002
33547301
33544748
33543604
33542836
33542305
33542196
33536081
33532862
33530099
33530016
33527989
33527442
33517931
33515719
33515462
33515005
33510390
33510330
33509272
33501652
33500567
33500177
33495845
33495596
33495162
33493176
33492009
33491795
33487505
33485635
33484849
33484419
33482370
33476339
33476213
33472890
33469137
33465101
33464682
33464320
33463692
33462619
33462484
33461566
33461311
33454873
33453490
33452914
33449812
33446815
33444631
33444330
33443182
33441948
33441555
33441415
33440997
33440130
33439309
33437986
33436761
33436567
33435754
33434493
33434193
33433237
33432171
33431419
33430840
33427739
33423670
33422704
33420872
33420236
33420208
33418501
33418132
33415802
33414383
33414106
33413940
33413912
33413813
33411955
33411191
33409793
33408196
33407712
33405276
33405238
33404048
33402363
33400963
33400590
33393617
33392712
33390054
33390040
33388205
33386398
33385434
33385171
33382415
33381801
33373724
33373549
33370439
33369822
33359885
33357518
33357513
33356394
33347879
33334812
33334125
33333475
33333105
33332181
33327746
33326012
33323747
33318152
33318029
33313843
33313747
33313691
33310204
33310085
33309415
33309181
33307186
33306545
33300603
33298331
33293427
33290993
33285565
33283203
33280147
33279681
33277303
33276944
33274371
33259984
33257031
33253371
33252839
33248170
33238300
33237584
33236465
33228395
33219367
33211829
33210391
33205159
33204020
33199525
33199044
33197721
33197716
33197388
33196847
33189892
33189425
33189065
33188428
33184625
33181258
33179380
33176448
33175443
33175090
33171179
33167034
33166643
33165565
33164079
33161765
33156012
33148439
33147607
33143770
33141367
33139801
33127858
33125721
33120349
33115273
33115266
33110269
33106845
33096330
33095951
33091956
33079133
33070213
33059368
33051670
33051271
33033864
33027520
33021770
33017352
33017050
33000171
32989605
32989287
32980342
32979890
32979523
32971307
32970232
32969132
32964541
32964493
32963334
32951248
32949071
32947644
32943239
32929646
32929176
32918767
32895918
32892370
32875944
32873964
32873934
32868629
32856188
32853455
32851419
32828527
32822005
32801349
32792019
32761538
32740755
32700739
32693845
32663566
32645214
32615124
32591784
32568801
32546565
32502668
32433515
32336055
32329708
32249730
32179874
31955720
31768000
31767999
31666681
31659270
