42342369
42339646
42339085
42334350
42332533
42332442
42332145
42331621
42331506
42329076
42328113
42327717
42324796
42323685
42317101
42315799
42311022
42308237
42307181
42306044
42305533
42304093
42304076
42303965
42299984
42299135
42298291
42296166
42295059
42294813
42294785
42294759
42290872
42284210
42282992
42281490
42281484
42278567
42278351
42278218
42274899
42273684
42272362
42267709
42267296
42265949
42265310
42262224
42261920
42260829
42258512
42254618
42250465
42244320
42244310
42243339
42243151
42241456
42239007
42238236
42237697
42231279
42230287
42228639
42224303
42223661
42222893
42222080
42221673
42221652
42220297
42218715
42217334
42217194
42216398
42216389
42214040
42213732
42213079
42211458
42210657
42210368
42209116
42208815
42208537
42207420
42207184
42206501
42205264
42205020
42203874
42203205
42203183
42202747
42201988
42201432
42200286
42199875
42199794
42197094
42196425
42191235
42186939
42184546
42183279
42180488
42179249
42176514
42175707
42175494
42174830
42173001
42172228
42171393
42167896
42167472
42167238
42165643
42165149
42160519
42160203
42160135
42157922
42156564
42156563
42156202
42155607
42155606
42152187
42151022
42150669
42148488
42145513
42145480
42144703
42144135
42142761
42142597
42141098
42140725
42139936
42136606
42135631
42134914
42134746
42134453
42134088
42133910
42132746
42132202
42130287
42128530
42128011
42127175
42126219
42126002
42124541
42124391
42123504
42119905
42119900
42119651
42119212
42116338
42116317
42114461
42112610
42107989
42107717
42105916
42105789
42105607
42105114
42104697
42104666
42104208
42104203
42104092
42102131
42101654
42100209
42098747
42097117
42096872
42096871
42096840
42091425
42091023
42090255
42089184
42089180
42088056
42086352
42085824
42085745
42085056
42084507
42084104
42082993
42081969
42077052
42069090
42068978
42068891
42068760
42067936
42066985
42066662
42066623
42063047
42060716
42060295
42059058
42058737
42055523
42055387
42054928
42054719
42054588
42053837
42053416
42051452
42050742
42050229
42049619
42049271
42049108
42048959
42048681
42048576
42047225
42047199
42047187
42046411
42046180
42046058
42045198
42045005
42044984
42044490
42044335
42044059
42040096
42038475
42037126
42035804
42035505
42034248
42034180
42032080
42030595
42025963
42025669
42025146
42024661
42024473
42023230
42021636
42021545
42020658
42019885
42019808
42019230
42019129
42018962
42017882
42017339
42017315
42017308
42017261
42017216
42017215
42014030
42012308
42012021
42010892
42010738
42010709
42010366
42008901
42008691
42008427
42007877
42002888
42002637
42002506
42002192
42002134
42001653
42001615
42001614
42001538
42001465
42001336
42000775
42000319
42000071
42000049
42000048
41999681
41998048
41997943
41997618
41997469
41997160
41995072
41992602
41992590
41990561
41989327
41989152
41988982
41986737
41986517
41985759
41983518
41983291
41981712
41981182
41981103
41980777
41980657
41980226
41978582
41978544
41978382
41977248
41977154
41975653
41975491
41975286
41974910
41974265
41972257
41972152
41969057
41969011
41968278
41967689
41967491
41967228
41966686
41966685
41965253
41963296
41963233
41962653
41961712
41958402
41956211
41956158
41954291
41954057
41953991
41949880
41948817
41946365
41944057
41944044
41944000
41943949
41942740
41942124
41942013
41941430
41938945
41938919
41937025
41936768
41936382
41935853
41935040
41934873
41933538
41932814
41932587
41932376
41932221
41931862
41931746
41931314
41928601
41927926
41927110
41926089
41926080
41925581
41923756
41923663
41922918
41922689
41922530
41922508
41920956
41920869
41918973
41918723
41918219
41917952
41916322
41916140
41915890
41915182
41914213
41913237
41910452
41910095
41909690
41908943
41905411
41904680
41904572
41903683
41903276
41898785
41898761
41896353
41896352
41895609
41894309
41890708
41889158
41888514
41888109
41888069
41887398
41886809
41885821
41885234
41883289
41883140
41882355
41881869
41881269
41881111
41880875
41880687
41879652
41878887
41878867
41878859
41878854
41878807
41877611
41876208
41876152
41874668
41873862
41873017
41872976
41872870
41871704
41866064
41866049
41865817
41865070
41864905
41863602
41863330
41862300
41861181
41861149
41860901
41856989
41856874
41856310
41855452
41855429
41855330
41855073
41853838
41852184
41851812
41851049
41851046
41850722
41850712
41850610
41850608
41850600
41850001
41849940
41848901
41848465
41848060
41846931
41844465
41844148
41844125
41843578
41843414
41838407
41837770
41837651
41837567
41834957
41834620
41833906
41833649
41833613
41832966
41832569
41832071
41831663
41828728
41827014
41826329
41825748
41825225
41824477
41823678
41821122
41819985
41819789
41819368
41817688
41814035
41812907
41812890
41812241
41812142
41811315
41807683
41807267
41806600
41804920
41804913
41804835
41804813
41803825
41803118
41803106
41802281
41802218
41802133
41800596
41796773
41796749
41796014
41795676
41795042
41795035
41793359
41793007
41792766
41792307
41792138
41791269
41791023
41790841
41790691
41790084
41789843
41787011
41786251
41785624
41785432
41784857
41781629
41780695
41780691
41780435
41776603
41776341
41776266
41775557
41775257
41774051
41772690
41772234
41770756
41766899
41766371
41765385
41764180
41764071
41763090
41763009
41762859
41762285
41761898
41761190
41760662
41760375
41760051
41759828
41759762
41759660
41758668
41758180
41757812
41757608
41752186
41752141
41751589
41748957
41748903
41748529
41748417
41748168
41747774
41746260
41744132
41744085
41741408
41740926
41740900
41740762
41735671
41735279
41739583
41738161
41735646
41735452
41735274
41735154
41734984
41733040
41732912
41732855
41731845
41731842
41731807
41731762
41731494
41731096
41729967
41728889
41727441
41726445
41726399
41724807
41724500
41724399
41722385
41720602
41720315
41719791
41719624
41719323
41718664
41718003
41717916
41717706
41714741
41713944
41713941
41713425
41712304
41711245
41711031
41709299
41709220
41708630
41708426
41707724
41707721
41707574
41706672
41706057
41705771
41705647
41705623
41704020
41703556
41703085
41702656
41702378
41702215
41702018
41701152
41700483
41699864
41699141
41698886
41698539
41698497
41697500
41694500
41693713
41693575
41693009
41692968
41692732
41692249
41690397
41690209
41690028
41689358
41688739
41688179
41686892
41686842
41686600
41685710
41685402
41684607
41684148
41683992
41680881
41680136
41679324
41679317
41679193
41678870
41677888
41675087
41674293
41673668
41673596
41673393
41672068
41671868
41671083
41670794
41669947
41668489
41668414
41667840
41667429
41666231
41665936
41664920
41664207
41664190
41664179
41662981
41662691
41660682
41660612
41657222
41656172
41656106
41656004
41653745
41653245
41651857
41650220
41650064
41649226
41645906
41641981
41641030
41639836
41639462
41639228
41638950
41638190
41635218
41634413
41634188
41632939
41632798
41632594
41632141
41631372
41630632
41630247
41629928
41629312
41627341
41626871
41626353
41625127
41624379
41624376
41623694
41622719
41621513
41621450
41620721
41620580
41620459
41620011
41619950
41619353
41619226
41618909
41617088
41616791
41616669
41616609
41615936
41614611
41614247
41612813
41612586
41611064
41610891
41609508
41609166
41608794
41607923
41607889
41606327
41606319
41605352
41605147
41604822
41603783
41603411
41603383
41603044
41595479
41593088
41592831
41591833
41591246
41589838
41589068
41587806
41587742
41586766
41586512
41582657
41582541
41582318
41582118
41581636
41581336
41579440
41579291
41578652
41578565
41578554
41578197
41577700
41577565
41577390
41576680
41575701
41575282
41574934
41573798
41572584
41570964
41570338
41570115
41569854
41569830
41569765
41569616
41569424
41568825
41568699
41568405
41567108
41566540
41566331
41565671
41565340
41565025
41564943
41564635
41564438
41564375
41563825
41563160
41562222
41560580
41560044
41559713
41559658
41559246
41559195
41559025
41557648
41556284
41555457
41554651
41554195
41553563
41553215
41549954
41548865
41548323
41548043
41547614
41547191
41546198
41545552
41545340
41545314
41544799
41544645
41543642
41543287
41539207
41539130
41538956
41537778
41537569
41537459
41535900
41535885
41534730
41534122
41533913
41533869
41533846
41533447
41532316
41531546
41530847
41530839
41530724
41530201
41529560
41529235
41529202
41529134
41528828
41527228
41527091
41526871
41526814
41526671
41525942
41524889
41524233
41521718
41521699
41520479
41520276
41519224
41519071
41518141
41517677
41517675
41513683
41513584
41512215
41512200
41511845
41511492
41510843
41507563
41507469
41506004
41505231
41504309
41503834
41501651
41501475
41501173
41501065
41500323
41500316
41499559
41499243
41498476
41498144
41496099
41495761
41495095
41494698
41494241
41493440
41492957
41492175
41491351
41491274
41490086
41486949
41485511
41485457
41485407
41485131
41484026
41483080
41482248
41481893
41481858
41481605
41481468
41480591
41478827
41478253
41478252
41478019
41477236
41476111
41475132
41472458
41472455
41472358
41470840
41470048
41469913
41469605
41469306
41468998
41468623
41467871
41467870
41467390
41466307
41465104
41462458
41462300
41462286
41461656
41461058
41460672
41460581
41458558
41458058
41457533
41456925
41456479
41456107
41455514
41454979
41454831
41454374
41454068
41453665
41452761
41451870
41451437
41449919
41449055
41448960
41448863
41448845
41446504
41444601
41444482
41444248
41444232
41444229
41443981
41443320
41443307
41443155
41439685
41437053
41436735
41436277
41435840
41435617
41432036
41430986
41429783
41429224
41428372
41428259
41423299
41422976
41422973
41422857
41422596
41421942
41421792
41420912
41419685
41418719
41416569
41416158
41413773
41413047
41412778
41412497
41412075
41411817
41411714
41411626
41411614
41411243
41411000
41410235
41408353
41408349
41408084
41408044
41407383
41407115
41406505
41405899
41405308
41404739
41404655
41403944
41403373
41402372
41401076
41399987
41398882
41398864
41398837
41398822
41398793
41398650
41398582
41398300
41397692
41396600
41392280
41392155
41392094
41391741
41390803
41390671
41390625
41390485
41389732
41389724
41389333
41388643
41387699
41387681
41385362
41385310
41382396
41381648
41381541
41381446
41380927
41380687
41380478
41380425
41380003
41379162
41379070
41378496
41377938
41376588
41376171
41372266
41371754
41371356
41371354
41371334
41370394
41369132
41368934
41368832
41368219
41366970
41366924
41366418
41366404
41366086
41366026
41365093
41363690
41361816
41360794
41360737
41360205
41359711
41358468
41357133
41355709
41355483
41353463
41353206
41353132
41352445
41351645
41351134
41351111
41350918
41350739
41350700
41350531
41350255
41349538
41349513
41349435
41348741
41348656
41348378
41347257
41346098
41346045
41345547
41345374
41344278
41343376
41342355
41342072
41340014
41339782
41339308
41338452
41337762
41337673
41336924
41336733
41336697
41336694
41336473
41335931
41335836
41335219
41334958
41334764
41334740
41334714
41331826
41331463
41331235
41330881
41329349
41328607
41327660
41327637
41327509
41326748
41326745
41326017
41325973
41325807
41325806
41325389
41324749
41324573
41324495
41324467
41324311
41324228
41323595
41321218
41319223
41316897
41316844
41315334
41314897
41314551
41314390
41314110
41314057
41313522
41312619
41311062
41310661
41310556
41309676
41308995
41308884
41306536
41305784
41305735
41305726
41305409
41300831
41299814
41299092
41298802
41298211
41298165
41297737
41297543
41296017
41294697
41292296
41291629
41291527
41291081
41290610
41290299
41289998
41289847
41288865
41287437
41287107
41286771
41286463
41286184
41286096
41285827
41285252
41285086
41282433
41277422
41275760
41275639
41274575
41274324
41273050
41272894
41272658
41272128
41271603
41271412
41270966
41270115
41270070
41268610
41268171
41267647
41267421
41267182
41267068
41267019
41266786
41266648
41265854
41265653
41265617
41264845
41264374
41264079
41264027
41263499
41263398
41261954
41261714
41261649
41261648
41261634
41261617
41261599
41261143
41260926
41260173
41259721
41258759
41257845
41257832
41257811
41253807
41253148
41252339
41252200
41251802
41250084
41250080
41249132
41249008
41248861
41248177
41247789
41247703
41247428
41247058
41243889
41243808
41243181
41242189
41241666
41241383
41241110
41240371
41239706
41239684
41239610
41239582
41239537
41239514
41239333
41238730
41238566
41238324
41238163
41237094
41236416
41236085
41234001
41232836
41232450
41232325
41231633
41231578
41231125
41230768
41226733
41225158
41225014
41224763
41224532
41224007
41223562
41223176
41222724
41221640
41220298
41220154
41220142
41219961
41219878
41219695
41219287
41217826
41217319
41214542
41213722
41213402
41213303
41208447
41207645
41207133
41206978
41206888
41206819
41206730
41206703
41206526
41206280
41206123
41206104
41206013
41205222
41205073
41204547
41204539
41204532
41204530
41204398
41203739
41203608
41202738
41201259
41200820
41200167
41197911
41196129
41196107
41195650
41195593
41194659
41194606
41193836
41193809
41191669
41191649
41190778
41190437
41189327
41189257
41189249
41189183
41188831
41188601
41188465
41188330
41187818
41187617
41187262
41187022
41186517
41186289
41184868
41184541
41184419
41184112
41183960
41183671
41182406
41181882
41180192
41179752
41178744
41178702
41178319
41177554
41175897
41175793
41175704
41175703
41175096
41174686
41174666
41174351
41173893
41173843
41173832
41173821
41173516
41173274
41173105
41173055
41172793
41172704
41172584
41171227
41171195
41169050
41168980
41168948
41167550
41167325
41165774
41163627
41163186
41163157
41163015
41162477
41161813
41161301
41160717
41159907
41157822
41156518
41155354
41152987
41152271
41152224
41152047
41151919
41151720
41151011
41150707
41148138
41147705
41147404
41145618
41145312
41144973
41144113
41143857
41142312
41140223
41140202
41140120
41139926
41139206
41137671
41137215
41137211
41136463
41136342
41136321
41135761
41135760
41135676
41135662
41134885
41134883
41134489
41133925
41131989
41130969
41129721
41129148
41129127
41128551
41128446
41128158
41128150
41126404
41125420
41124886
41124430
41124095
41123764
41121378
41121237
41121051
41120892
41120810
41120693
41118419
41117240
41116190
41115957
41115669
41115488
41112270
41111900
41111061
41110628
41110464
41110209
41109744
41108311
41107957
41106605
41106504
41106428
41105198
41105181
41104894
41102931
41102819
41102794
41102563
41102556
41102544
41102190
41101894
41101471
41101407
41101371
41100428
41097903
41097191
41097109
41094544
41094526
41094475
41094370
41094136
41093635
41092367
41092306
41092288
41091214
41091196
41088953
41088759
41088671
41088644
41088635
41088579
41088570
41088435
41088299
41088066
41088055
41087968
41087205
41087098
41086986
41086816
41085200
41085160
41083994
41083719
41083067
41082512
41078087
41077126
41077121
41076328
41076276
41075270
41075130
41074692
41074136
41073837
41073786
41073501
41073128
41073127
41072905
41072869
41072116
41071653
41071644
41071633
41070538
41068971
41068969
41068909
41068897
41068706
41068666
41068435
41067994
41067549
41067510
41066853
41066301
41065563
41065262
41062143
41061903
41061880
41061592
41060636
41060444
41059632
41058202
41057938
41057301
41056811
41056493
41056187
41056021
41055629
41054853
41054850
41054305
41053885
41053791
41053749
41053002
41052990
41052968
41052659
41052571
41048872
41047128
41046934
41046013
41045493
41044581
41044249
41044166
41043895
41043871
41043510
41043097
41042714
41042183
41042107
41041314
41039941
41039880
41039869
41039395
41038678
41038527
41036781
41036672
41034901
41034855
41034549
41033940
41033481
41033065
41032333
41029969
41029866
41029647
41029623
41029423
41029369
41029122
41029038
41028716
41027702
41027538
41026804
41026779
41025730
41025252
41024449
41024427
41023947
41023730
41023319
41023070
41022462
41022218
41022122
41021919
41021447
41017432
41017299
41017045
41016938
41016534
41016118
41015248
41015216
41014721
41014601
41014391
41013983
41013847
41013818
41013586
41013467
41013405
41006755
41005599
41005073
41004399
41004304
41004216
41002039
40999803
40999535
40999407
40997561
40997331
40996951
40996888
40996508
40996338
40996096
40992936
40992543
40991728
40991324
40990676
40990651
40988251
40988203
40988171
40988167
40987763
40987686
40987604
40986416
40986097
40985184
40985055
40983175
40983146
40982772
40977601
40977336
40977229
40976403
40975837
40975247
40975178
40975158
40975146
40975065
40974350
40974298
40974070
40973818
40973720
40973091
40972893
40972583
40971470
40971195
40968735
40968291
40967996
40967675
40967581
40965708
40965384
40965344
40964124
40964122
40963070
40963019
40962848
40962521
40961394
40961174
40959972
40958306
40958293
40958285
40956996
40956958
40956419
40956048
40954046
40953858
40953704
40953670
40953107
40953052
40953027
40952416
40948399
40947393
40947029
40940456
40940440
40940279
40939996
40939695
40939594
40939550
40936909
40936079
40934968
40934961
40934790
40934575
40934275
40934270
40933376
40931834
40931824
40931823
40931818
40931806
40931582
40931579
40931542
40930750
40930464
40930462
40930180
40929010
40928391
40928362
40928311
40927895
40926209
40925482
40925094
40924130
40923693
40923140
40922984
40922251
40921491
40921490
40919881
40919869
40919861
40919650
40914826
40913508
40913424
40912257
40912079
40912001
40911946
40911663
40911372
40911069
40910637
40908923
40908541
40908113
40908046
40907198
40906782
40906027
40905143
40904551
40903904
40903887
40903491
40903047
40902600
40901922
40900534
40900121
40899795
40898149
40898084
40897861
40897820
40897286
40896872
40892850
40892529
40891782
40890957
40890428
40890099
40879470
40888555
40888513
40888298
40888263
40888248
40886562
40885739
40884495
40879960
40885450
40883272
40882175
40845140
40883588
40883167
40877842
40877285
40875208
40871703
40871622
40870432
40869173
40864886
40856652
40882293
40879197
40878629
40878106
40877465
40877435
40876879
40876237
40866370
40866365
40853920
40876058
40874306
40873267
40866199
40866154
40865390
40859491
40859268
40858353
40855303
40834329
40864401
40861447
40859786
40859714
40859422
40858248
40848714
40856643
40856292
40856181
40856106
40854772
40854770
40854736
40854336
40847357
40847315
40845200
40845057
40839010
40854019
40853746
40853378
40850905
40850790
40850589
40850553
40850509
40849286
40849059
40848609
40847826
40847481
40847077
40847070
40846906
40846598
40845891
40845541
40841675
40845153
40845147
40844898
40844600
40844449
40843482
40843413
40840574
40840450
40838893
40838705
40838345
40836282
40836097
40834766
40834545
40833775
40833209
40833086
40830941
40830462
40830311
40830171
40830044
40829688
40829599
40828611
40826743
40826357
40826151
40825747
40825660
40825493
40825393
40825160
40824591
40824542
40824531
40824350
40819587
40819460
40819274
40818052
40817246
40816510
40816366
40815906
40814280
40813450
40813447
40813130
40812429
40812161
40811991
40811757
40808652
40808315
40808263
40806190
40806153
40804706
40804250
40803508
40802484
40802026
40801988
40801674
40797476
40796918
40796170
40795941
40795398
40795387
40795382
40795296
40794601
40794337
40793982
40792619
40792579
40792569
40791117
40790559
40790044
40789918
40789559
40789428
40789340
40788656
40788127
40787707
40787700
40785308
40785145
40784862
40784260
40784076
40783788
40783099
40782677
40782333
40781300
40780691
40780606
40780580
40779931
40779844
40778276
40774515
40774367
40774017
40773264
40770788
40770753
40770719
40770700
40770577
40770318
40770183
40770099
40770095
40769963
40769858
40769378
40768833
40767616
40767465
40767441
40767373
40767283
40767279
40764432
40764431
40763922
40763130
40762897
40762785
40762537
40762455
40762184
40761635
40760855
40760810
40759468
40758495
40758327
40757799
40756509
40754711
40754544
40754514
40754296
40754177
40754166
40753882
40753283
40752041
40751569
40751507
40751201
40751156
40750513
40750095
40750039
40749802
40749636
40748313
40747309
40746017
40745582
40745309
40745165
40744837
40744683
40743770
40740833
40739350
40739205
40738943
40738888
40738334
40738108
40738106
40737338
40735322
40731231
40730952
40730666
40730164
40729915
40727246
40726433
40726397
40725915
40721562
40721138
40716683
40720868
40720360
40719960
40719857
40719186
40718930
40717653
40717461
40717444
40715805
40715462
40715206
40715126
40714625
40714005
40713860
40713554
40713245
40712509
40712416
40712240
40711431
40709539
40709038
40707728
40707176
40705910
40705310
40704931
40704925
40704764
40704472
40702764
40702725
40702285
40700416
40699913
40699177
40698383
40696606
40696379
40696072
40696040
40695794
40695676
40695668
40695398
40695024
40694931
40694910
40694019
40693983
40692006
40691914
40691405
40691366
40691049
40690556
40690202
40689531
40687586
40687126
40686251
40686015
40685872
40685637
40685555
40684266
40684263
40682810
40682494
40682491
40682445
40681841
40681488
40681351
40680687
40680354
40680056
40679991
40679964
40679760
40679132
40677145
40677089
40676920
40676916
40676324
40674590
40673695
40673505
40673434
40671674
40671653
40670583
40670220
40669587
40668308
40668273
40667793
40667784
40667714
40667707
40667664
40665910
40665707
40664692
40664210
40663525
40663115
40662517
40662478
40662303
40660521
40660250
40660200
40659842
40659220
40658635
40657665
40655405
40653509
40653480
40653389
40652705
40652641
40652396
40651543
40651533
40651007
40650550
40650456
40650424
40650217
40646428
40645915
40645845
40645641
40645184
40643880
40643204
40642867
40640959
40640848
40640838
40640813
40639380
40638553
40637512
40635049
40634782
40634682
40634390
40634319
40633541
40633388
40632872
40632378
40631492
40631427
40630040
40629691
40628494
40626551
40624639
40624483
40624012
40623639
40623509
40622201
40622200
40622007
40619960
40619910
40617812
40617239
40617003
40616038
40615469
40615097
40613322
40611827
40611497
40611489
40611430
40611365
40611139
40610989
40610758
40610574
40609851
40609533
40608017
40607691
40607218
40605151
40603580
40603574
40603556
40603007
40602627
40602608
40602542
40602538
40602122
40601933
40601893
40600965
40600868
40600465
40598949
40598448
40597158
40597135
40596960
40595946
40595897
40595877
40595333
40595015
40594956
40594723
40594321
40594141
40593562
40593523
40593379
40593122
40592148
40591725
40591411
40590806
40590639
40589280
40588731
40588730
40588577
40588408
40583621
40583353
40583046
40582549
40581914
40581837
40581782
40581728
40581525
40581101
40581100
40580951
40580825
40580748
40579160
40578805
40577674
40577459
40577240
40577098
40577092
40577012
40576910
40576428
40576182
40576160
40575950
40574547
40574489
40574483
40573139
40571265
40570042
40569828
40569171
40565603
40561736
40561603
40561495
40561180
40561129
40560963
40560182
40557500
40556628
40556615
40555708
40555092
40553479
40552888
40550517
40550047
40548634
40548514
40548411
40547526
40545860
40545721
40543840
40543620
40543614
40543298
40542866
40542847
40542692
40541909
40541825
40540605
40540207
40538118
40537675
40537337
40537260
40534257
40533754
40533465
40533417
40532772
40531358
40531294
40530922
40530585
40528431
40528258
40528122
40526779
40525585
40525300
40523583
40522238
40521771
40520466
40518179
40517961
40517935
40517091
40517019
40516862
40516623
40516523
40515575
40514301
40512868
40512627
40512471
40512334
40511653
40511612
40511586
40509746
40507052
40506713
40504769
40504185
40504151
40502403
40502398
40500771
40500424
40499455
40499086
40499039
40498557
40498344
40498099
40498079
40497816
40497782
40497773
40497521
40497443
40497343
40495801
40494799
40493780
40493745
40493586
40492652
40490316
40489885
40489878
40489840
40489428
40489382
40489111
40488442
40488366
40482682
40482680
40481738
40481237
40481092
40480872
40480837
40480391
40480385
40480315
40480287
40480198
40479613
40478878
40478199
40476824
40476550
40476350
40474749
40474525
40473955
40473751
40473624
40473432
40473276
40473045
40471629
40469586
40468351
40468346
40467037
40466883
40466759
40465758
40465279
40465046
40464955
40464911
40464807
40464748
40464223
40464129
40462315
40462314
40461643
40461154
40450423
40460117
40459934
40459852
40457327
40456886
40456753
40456720
40456277
40456275
40455444
40455395
40452368
40452229
40451550
40451442
40451289
40450702
40450331
40449745
40449713
40449291
40447325
40447157
40447155
40447150
40446480
40446401
40446057
40442673
40442653
40442635
40442235
40441365
40441356
40441263
40441249
40441243
40440800
40439668
40439116
40438953
40437455
40437330
40436851
40436827
40436432
40436020
40435579
40435292
40435106
40434639
40434178
40433862
40432473
40431359
40428387
40426026
40426003
40425961
40425507
40425445
40425295
40425013
40424845
40424666
40421744
40419904
40419871
40419737
40419465
40419157
40417914
40417791
40417509
40416681
40415527
40415210
40415161
40414620
40414560
40413990
40413504
40413188
40411145
40410892
40410862
40410830
40410536
40410146
40410097
40409688
40409638
40409599
40409470
40409465
40408443
40408117
40408113
40407917
40407230
40407114
40406186
40406138
40405569
40405463
40404477
40404113
40403927
40403723
40403523
40403440
40403316
40401626
40401602
40401370
40398635
40398292
40397457
40397391
40396701
40395815
40394321
40394127
40393920
40392315
40392235
40391949
40391737
40390206
40390049
40389176
40388863
40388376
40388076
40383272
40382669
40382606
40381910
40381657
40380682
40380488
40380075
40379795
40379147
40378984
40378890
40378846
40378187
40376711
40375557
40375339
40374730
40374717
40374629
40374023
40373544
40373249
40372048
40371604
40369874
40369582
40369498
40369483
40369022
40368440
40366297
40365690
40362891
40362782
40362763
40361211
40361185
40361169
40361100
40360480
40359939
40359652
40359385
40359298
40359255
40358646
40357750
40357740
40357667
40357661
40356218
40356189
40355673
40355212
40355193
40355085
40350794
40350429
40350427
40349828
40349733
40348582
40348312
40346856
40346852
40346724
40346281
40345183
40344999
40343713
40342259
40342027
40341467
40341249
40341227
40339905
40339110
40336481
40336477
40336074
40335966
40335963
40335902
40335896
40335749
40335681
40335677
40335668
40335623
40335489
40335454
40335319
40335007
40334783
40334765
40334383
40334364
40334362
40331384
40328427
40328303
40327989
40327005
40326629
40326431
40326313
40325974
40325435
40324243
40322556
40321089
40320753
40320680
40319023
40318682
40317383
40316594
40316180
40316037
40315941
40315790
40315789
40315335
40315153
40314383
40314379
40313011
40312976
40312828
40312716
40312319
40307459
40307439
40307428
40306017
40305975
40305743
40305105
40305039
40304040
40302051
40301980
40301327
40301276
40300504
40299261
40299026
40298850
40297899
40296771
40296199
40296127
40295899
40295474
40295296
40295236
40294794
40294653
40293116
40293071
40292527
40289841
40289348
40288738
40288678
40288626
40288454
40287467
40287056
40286771
40286554
40285955
40284259
40282344
40281650
40281620
40281472
40280803
40280025
40279651
40278995
40278882
40278829
40276877
40275698
40275681
40274879
40274105
40273606
40272846
40272711
40272416
40269987
40269921
40269887
40269864
40269703
40269498
40269451
40269332
40269081
40268942
40267880
40267517
40267509
40267155
40267132
40266836
40266617
40265267
40264090
40263431
40263246
40262338
40262193
40262004
40261662
40259500
40259320
40258726
40258513
40257787
40255188
40253392
40252871
40252318
40251992
40250423
40250166
40249367
40247819
40246996
40245784
40245559
40244607
40240969
40240837
40240651
40239706
40239550
40239549
40239415
40238120
40237892
40237714
40237304
40235657
40235434
40234895
40234846
40234401
40234296
40234043
40233468
40232262
40232225
40232131
40231997
40231587
40230221
40230026
40229502
40228186
40228066
40227003
40226319
40225727
40225016
40224486
40223696
40223562
40223352
40222571
40222562
40222170
40222168
40221732
40221106
40221021
40220658
40218946
40218924
40216796
40216502
40211908
40211752
40211681
40211413
40210729
40210444
40210151
40210146
40209152
40209151
40208988
40208451
40206171
40205879
40204920
40204884
40204176
40203832
40200269
40199582
40199060
40197377
40196966
40195536
40195352
40194871
40193631
40193575
40193519
40192349
40192262
40191585
40190410
40189997
40189781
40189712
40189542
40189471
40189208
40188416
40187730
40187433
40187354
40187210
40185700
40184888
40184367
40183974
40181791
40181603
40181521
40181326
40181078
40180945
40180001
40179848
40179596
40179477
40178977
40178901
40178608
40176039
40175422
40175013
40174860
40174783
40174266
40173244
40172866
40172331
40172005
40171979
40171861
40171859
40171824
40170200
40170006
40169952
40169583
40168564
40167904
40167789
40167410
40165268
40165228
40164603
40164586
40162558
40160028
40160026
40159336
40159170
40158861
40158336
40158147
40157914
40157913
40157903
40157129
40156736
40154798
40154735
40153760
40150906
40148801
40148775
40148290
40148289
40147612
40147608
40146917
40146319
40145676
40143715
40143549
40142266
40140964
40140895
40140825
40140682
40139907
40139892
40139886
40139682
40139674
40139177
40138300
40138087
40135578
40135505
40133599
40133559
40133449
40133288
40131480
40129417
40129249
40128813
40128779
40128757
40128726
40128300
40122321
40122305
40122250
40122179
40122031
40121491
40121471
40121277
40120955
40120432
40120411
40119478
40119457
40119385
40119320
40119105
40118817
40118812
40118262
40118068
40117767
40116818
40116748
40116280
40113767
40113122
40109242
40108567
40108295
40107780
40107215
40107167
40106116
40105833
40105629
40103195
40102566
40102419
40102265
40101131
40101081
40100301
40099963
40099743
40098454
40097034
40096952
40095665
40095245
40091050
40090000
40089107
40089048
40088986
40088050
40087673
40087642
40087481
40086488
40086483
40086418
40085471
40082562
40082259
40081595
40081351
40080700
40080628
40080299
40080206
40080089
40079833
40079341
40079333
40079323
40078581
40076709
40074913
40074595
40074534
40074355
40074236
40073867
40073624
40073521
40073132
40072870
40072671
40072421
40072359
40071666
40071563
40070582
40070360
40069797
40068555
40068088
40068079
40068076
40068074
40068042
40067539
40065389
40065387
40065360
40065166
40065165
40064676
40064387
40064167
40064120
40064119
40063714
40063212
40062909
40062693
40059721
40058632
40058626
40058366
40057967
40057865
40057009
40056900
40056495
40055553
40055374
40054544
40054233
40052860
40052268
40052157
40050903
40050783
40050430
40048877
40048698
40048641
40048323
40047957
40045775
40045424
40045304
40045203
40045184
40045075
40044393
40044084
40042460
40038580
40038169
40037565
40037332
40036808
40036802
40036661
40035855
40035094
40033246
40032851
40032831
40032609
40029645
40029246
40028715
40026415
40026347
40026212
40025584
40025452
40025295
40025133
40024981
40024253
40024208
40023995
40023359
40022259
40021682
40020258
40020248
40019492
40019142
40016761
40015763
40015512
40014888
40014632
40013783
40013387
40012481
40012260
40011859
40011692
40010974
40010936
40010673
40010152
40009844
40009601
40009298
40008582
40008532
40008518
40007508
40004442
40001102
40001093
40001002
40000981
40000892
40000284
39999659
39999642
39999172
39998422
39998322
39996371
39994608
39994472
39994471
39994426
39994404
39994347
39993665
39993568
39993547
39993354
39993161
39993092
39993087
39993026
39992613
39992227
39992050
39991825
39989277
39988861
39988343
39986982
39986278
39985416
39985383
39984911
39984910
39984543
39984033
39983723
39982391
39979798
39979637
39979527
39979475
39979292
39978838
39976023
39972428
39972219
39972192
39972189
39971581
39971101
39969115
39967299
39966646
39966645
39966400
39966376
39965911
39965571
39965263
39964619
39964321
39963020
39962497
39961744
39961445
39960957
39957597
39957059
39956510
39956456
39956390
39955868
39955293
39954290
39953957
39953382
39952880
39952626
39952446
39952338
39952016
39951285
39951158
39949133
39948746
39948662
39948438
39947606
39946376
39943601
39940081
39939170
39938769
39937669
39936588
39936505
39936320
39936290
39935287
39935109
39934692
39934487
39933613
39932872
39932813
39932515
39931798
39931027
39930807
39930511
39929700
39929336
39927979
39927879
39923542
39923073
39923001
39922757
39922081
39921509
39921368
39920705
39920677
39920675
39919593
39919332
39918389
39917825
39916630
39916391
39915848
39915740
39915470
39914575
39914369
39913075
39912254
39911233
39910980
39910750
39910275
39910069
39909687
39908042
39907291
39906935
39904976
39904969
39904833
39904581
39904580
39904465
39902040
39901870
39901253
39901160
39901012
39900481
39900276
39900238
39898988
39896234
39895541
39895490
39895240
39893789
39893172
39893136
39892688
39892618
39892529
39891671
39891432
39891268
39889759
39889373
39889253
39888723
39888130
39888048
39887658
39887119
39887026
39885359
39885253
39885106
39884114
39883882
39883569
39883542
39882976
39882263
39881513
39881351
39879538
39878978
39878176
39876665
39875408
39875287
39874583
39874129
39871294
39871185
39870984
39870785
39869397
39868637
39868507
39866114
39865800
39865349
39865237
39865174
39863699
39863470
39863334
39863329
39862976
39862482
39856793
39856643
39855644
39855341
39854811
39854466
39851049
39848683
39847883
39846866
39846171
39844252
39844246
39843666
39843619
39843573
39843424
39843420
39843416
39843229
39842675
39842386
39841246
39840850
39840468
39838854
39838414
39838382
39838355
39837741
39837596
39837315
39837305
39837121
39836348
39834263
39834049
39833655
39833093
39832944
39829148
39828371
39827613
39827162
39827101
39827009
39826907
39825500
39825454
39825208
39824917
39824873
39822062
39820694
39820401
39820103
39819926
39819617
39819616
39819614
39818967
39818349
39815260
39815190
39814935
39814767
39814546
39813316
39813027
39812312
39812006
39809613
39809352
39809222
39806440
39806417
39806394
39806364
39805841
39805646
39805634
39805559
39805364
39804243
39804050
39802042
39801263
39800457
39800454
39799755
39799098
39798961
39798683
39798681
39798552
39798254
39796632
39796620
39794805
39794547
39794311
39793648
39793580
39793323
39793216
39791436
39789286
39789183
39787248
39784501
39781580
39781574
39781523
39780372
39780176
39779799
39777759
39775833
39775603
39775068
39775065
39774380
39773733
39773384
39773296
39772360
39765118
39764704
39762360
39762253
39757747
39757311
39757155
39756506
39756179
39755370
39754912
39754224
39753994
39753750
39751833
39751714
39749935
39749852
39749474
39747859
39747598
39747197
39746957
39745684
39743837
39743471
39742967
39742733
39741416
39740741
39740299
39740224
39737667
39736334
39736190
39734325
39734043
39733985
39732592
39732499
39732430
39732110
39731856
39727065
39725155
39724785
39723538
39722218
39721142
39719816
39719503
39719181
39718377
39717880
39716370
39715877
39715155
39713956
39713929
39710193
39708996
39708637
39708635
39708426
39708029
39706703
39705098
39704623
39704077
39701868
39695248
39694627
39694335
39694290
39694150
39689933
39689778
39689375
39682065
39680354
39676318
39676287
39675506
39674225
39674127
39656932
39656835
39672473
39672249
39670433
39670395
39670393
39670380
39668402
39668276
39667719
39667048
39666943
39666174
39665118
39663904
39663699
39663608
39662686
39662181
39662157
39658624
39657752
39657738
39657613
39657596
39657297
39656405
39655724
39655431
39654488
39654303
39652873
39652205
39651830
39647990
39644883
39644737
39644736
39644568
39644177
39643430
39639156
39638772
39638265
39638041
39637673
39633578
39633572
39633571
39633544
39632723
39632479
39632152
39629617
39629563
39626789
39624895
39620366
39617873
39617478
39616874
39615872
39615757
39614691
39613205
39613042
39612082
39610302
39610287
39609539
39603689
39603675
39603344
39603322
39602984
39592890
39592779
39592086
39590514
39589279
39589075
39587367
39586964
39582374
39581638
39581385
39580622
39580111
39579765
39578329
39577501
39576882
39574169
39570582
39568230
39568213
39566677
39566101
39565197
39563606
39562688
39562145
39558176
39558002
39557423
39557340
39551887
39551120
39551095
39550820
39548715
39547936
39545903
39540306
39537197
39537106
39532196
39535692
39535371
39535071
39532828
39532554
39526380
39521299
39516182
39513960
39511824
39511343
39510220
39505019
39504041
39501636
39500367
39499541
39499225
39499135
39490735
39490728
39490584
39488861
39488238
39488213
39488025
39480162
39478357
39477889
39477866
39477077
39474888
39472661
39467622
39466646
39466182
39455418
39448314
39447179
39445587
39442002
39441508
39441329
39439267
39438733
39436832
39435892
39433077
39433070
39431290
39426517
39425782
39425590
39424455
39424166
39423864
39422841
39417685
39415441
39415432
39413883
39412070
39410749
39407013
39402736
39401602
39397531
39397220
39396641
39395721
39395678
39388067
39387466
39395185
39394735
39393834
39392583
39392566
39391920
39390683
39383998
39383101
39382891
39382304
39378120
39375304
39374572
39373573
39370105
39370033
39367739
39365993
39365172
39364894
39364876
39361532
39361235
39358504
39354277
39353511
39349253
39343863
39341434
39340156
39333296
39325719
39324695
39322921
39313314
39307671
39297449
39299580
39299445
39293485
39291781
39291673
39288835
39288744
39288024
39287934
39283962
39279141
39279038
39271163
39271066
39270733
39265807
39264406
39260576
39260564
39256036
39254778
39254666
39248183
39243385
39240279
39237061
39237012
39233364
39225363
39225141
39218436
39218228
39215636
39214513
39209617
39208450
39193721
39190705
39189966
39181446
39178373
39171755
39159603
39158115
39154125
39150976
39140328
39138355
39137152
39133460
39128550
39127093
39115672
39110833
39103532
39099143
39098479
39097094
39094556
39094016
39087659
39084694
39084518
39080969
39080466
39069817
39060724
39056264
39041487
39038446
39028453
39024416
39017746
39016115
39014000
39009185
38997150
38994586
38986027
38981460
38980365
38960702
38953786
38953498
38944759
38942297
38925676
38925656
38914854
38889233
38862035
38834872
38829052
38819028
38788669
38767715
38748532
38701346
38687598
38663994
38630500
38625929
38586880
38548265
38536958
38529938
38502618
38482593
38477120
38431123
38424358
38349335
38176684
37935324
37638986
37562999
37236906
