38440060
38356679
38331642
38304335
38274228
38269249
38260160
38260157
38260151
38260127
38259461
38222374
38220394
38220361
38219651
38201952
38201933
38185094
38179710
38177845
38169598
38165807
38165331
38165323
38163566
38162651
38162069
38161123
38159486
38159401
38157962
38156552
38156471
38154569
38154517
38153731
38152136
38151753
38151608
38151225
38151182
38150468
38149258
38148627
38146598
38145876
38142967
38142832
38142718
38141141
38137055
38134266
38131187
38129845
38128266
38127078
38124109
38123642
38123074
38118447
38117700
38116309
38115125
38113267
38112489
38112100
38110912
38109175
38108247
38108111
38107516
38104120
38104003
38103877
38103521
38103512
38102312
38102060
38101812
38100958
38100139
38098267
38097766
38097619
38097585
38097541
38096184
38095720
38095658
38095641
38095106
38093968
38093964
38093316
38093264
38093177
38089610
38087427
38086555
38086281
38085289
38084713
38083709
38083699
38083636
38083493
38082756
38082205
38081449
38081346
38081205
38073256
38072966
38072013
38071240
38068754
38066552
38066548
38065716
38065478
38065472
38065279
38064154
38063329
38063144
38062487
38062446
38057974
38057740
38057395
38057083
38057000
38056704
38052855
38050769
38049874
38049803
38049731
38048800
38044484
38042409
38042194
38042162
38040849
38040769
38040695
38039689
38039339
38038193
38036550
38036055
38036035
38035758
38035555
38032977
38032963
38031296
38030408
38029611
38029505
38019753
38019728
38018492
38018286
38018135
38017547
38016990
38016951
38016070
38015384
38014686
38014537
38013398
38013230
38013064
38012714
38010695
38009393
38009009
38008468
38007406
38006695
38004211
38004209
38004195
38003606
38002274
38000660
38000468
38000092
37997724
37997550
37997129
37996941
37996579
37996550
37995126
37995032
37995010
37993940
37993362
37992969
37992774
37991852
37990960
37990415
37989490
37989438
37989422
37989345
37989062
37988369
37987834
37986064
37985819
37985818
37985698
37985486
37985251
37984624
37984403
37979581
37978364
37978283
37977552
37977264
37976635
37976632
37975955
37975174
37973425
37972495
37968623
37968161
37967698
37967073
37964430
37964359
37963865
37963177
37962888
37960974
37960725
37960715
37957254
37956218
37955011
37955003
37953572
37952650
37951941
37951457
37951389
37950632
37949880
37948020
37947877
37947095
37946218
37945700
37945290
37945032
37944693
37944549
37944514
37942709
37940997
37940980
37940228
37938842
37937916
37936397
37935988
37935336
37935324
37932860
37932741
37932435
37932343
37931855
37930726
37929782
37929589
37929032
37927163
37926948
37926784
37926247
37925898
37923669
37923500
37922884
37922693
37922594
37925459
37924067
37923935
37923823
37923787
37920887
37919896
37919716
37918681
37918457
37918179
37917198
37917154
37915075
37914956
37914703
37908181
37908051
37907836
37905609
37904118
37903942
37902501
37900992
37900148
37900125
37899473
37898064
37895311
37895183
37891401
37890495
37889436
37889180
37884785
37884697
37884160
37884062
37882086
37881162
37880510
37879942
37879338
37878311
37877683
37876547
37874242
37874025
37873708
37872228
37872218
37871746
37869564
37867527
37866943
37866696
37866694
37866291
37865679
37865213
37864545
37864216
37864076
37863636
37861743
37861301
37857612
37856735
37856513
37855835
37855144
37853340
37852586
37851596
37851413
37850252
37849761
37848891
37848731
37848535
37847794
37846527
37845735
37845420
37844115
37841972
37841724
37839728
37838806
37834124
37831419
37831088
37831014
37830502
37830501
37830349
37828430
37828061
37827536
37827425
37827145
37821910
37821706
37821076
37820988
37819667
37816865
37815300
37815053
37814277
37814219
37814053
37813749
37813170
37811979
37810889
37809097
37809092
37807832
37805474
37804689
37804586
37803197
37803156
37802043
37801867
37798826
37798698
37796207
37794451
37794188
37794186
37794183
37792698
37792558
37791980
37789775
37789450
37788223
37788000
37787818
37787550
37784116
37783402
37783279
37782489
37781392
37781358
37778454
37777824
37777527
37777289
37776082
37774659
37773956
37771125
37770476
37770350
37769628
37768900
37768248
37764869
37764748
37764694
37761966
37759216
37759214
37758482
37757828
37757824
37757613
37755636
37753710
37753708
37752719
37752570
37752486
37752310
37752250
37751591
37750294
37749244
37747776
37746910
37742647
37742574
37741866
37741522
37740713
37738632
37738404
37738239
37738170
37737258
37736873
37736821
37735816
37735503
37735436
37734898
37734636
37734269
37734206
37733837
37733769
37733221
37732088
37731961
37731506
37730580
37730406
37729839
37729413
37728925
37728730
37728483
37726845
37725912
37724055
37723992
37723974
37723362
37721944
37717571
37716346
37715771
37714904
37714020
37713654
37712257
37711902
37710313
37710206
37709961
37708900
37708453
37705021
37704099
37702310
37699667
37699665
37699069
37698563
37697910
37697382
37697334
37697102
37696489
37696218
37695605
37693713
37691954
37690594
37690589
37689747
37688479
37686836
37686741
37686714
37684631
37684235
37682415
37682053
37681566
37679034
37678759
37678743
37677911
37676847
37676684
37675869
37675583
37674411
37672940
37671773
37671665
37671590
37669985
37668600
37668472
37668042
37667969
37667966
37667186
37664887
37663829
37663544
37663543
37662961
37661278
37660722
37660674
37659996
37658231
37656706
37654212
37654024
37653438
37653148
37652022
37652020
37650913
37648937
37648772
37647632
37647062
37644460
37643990
37643728
37642678
37642038
37641551
37641019
37639628
37638986
37638657
37634885
37634759
37634742
37634304
37634228
37634025
37633120
37633021
37633014
37626057
37625151
37624788
37622533
37620601
37620332
37620119
37616264
37614046
37612539
37612215
37610595
37609934
37608605
37608387
37607129
37606917
37606881
37605270
37605228
37605021
37604963
37604819
37604659
37604298
37603383
37603265
37603226
37602951
37602645
37602368
37598461
37592324
37592225
37592069
37589995
37589638
37589153
37589137
37587271
37586954
37586479
37586323
37586315
37585199
37583432
37582955
37582857
37581386
37580669
37578795
37578347
37578112
37576957
37574304
37573024
37572975
37572855
37572680
37572045
37571375
37571327
37565819
37563569
37562999
37562936
37561991
37560999
37560908
37558735
37558590
37557917
37556136
37555321
37554051
37552871
37551793
37550788
37550565
37549530
37549511
37549380
37547976
37547953
37545239
37544968
37544462
37544299
37543429
37543299
37543248
37543090
37543033
37542950
37541849
37541753
37540498
37538264
37537214
37536998
40224608
37535610
37535318
37529978
37528422
37527660
37526907
37526906
37525502
37525375
37523888
37523535
37523034
37517545
37517075
37516996
37515404
37513593
37510633
37507671
40225160
37506413
37505744
37504220
37501206
37500982
37500025
37499945
37498674
37498576
37497617
37497611
37497346
37494916
37494795
37494602
37494057
37494011
37493001
37492984
37491535
37491359
37491308
37491271
37489815
37489768
37489536
37488169
37487843
37485895
37481617
37481074
37480061
37480048
37479783
37478287
37477883
37477156
37475089
37474577
37471560
37471044
37469984
37468959
37468793
37468507
37468441
37467250
37467176
37464899
37464539
37464328
37463971
37463867
37462704
37460680
37460270
37460193
37459583
37459064
37458535
37455285
37454213
37454089
37453564
37453269
37453087
37452040
37451613
37451311
37449380
37449354
37447260
37446387
37443347
37443256
37443054
37440761
37438803
37437622
37437450
37436694
37435841
37435782
37435691
37434422
37433779
37433748
37432331
37432322
37432291
37431946
37431843
37429103
37428318
37426655
37423742
37422736
37422735
37422733
37422047
37421961
37421292
37419925
37419389
37418473
37415806
37415668
37415201
37415095
37415077
37415075
37414900
37414898
37414299
37414192
37410157
37409534
37409353
37408141
37407836
37407315
37407123
37406925
37405597
37403750
37403371
37403260
37403110
37402868
37402756
37400787
37400639
37400433
37399490
37397759
37394533
37393057
37391117
37390107
37388215
37386504
37386248
37386106
37385998
37385972
37385629
37381916
37380018
37379654
37375607
37369360
37369060
37368983
37368869
37368847
37367296
37365406
37365347
37365003
37364045
37359532
37358849
37358671
37358553
37358249
37356807
37356734
37356206
37355273
37354980
37354644
37353766
37353234
37352747
37352437
37352370
37350734
37350485
37350480
37349538
37348876
37348803
37348789
37348500
37348154
37347589
37345823
37345817
37345498
37345345
37344456
37344154
37342352
37342033
37341992
37340995
37340719
37340419
37340242
37340172
37340002
37339320
37336961
37336634
37336556
37336529
37334786
37334598
37334359
37332016
37331483
37331308
37331118
37330925
37330142
37328908
37328865
37327674
37327227
37322846
37322117
37318502
37317877
37316042
37315735
37312172
37311464
37311415
37310901
37310738
37310512
37310314
37309807
37309804
37308902
37307727
37307368
37306871
37305557
37305422
37303201
37303098
37302600
37301769
37301713
37295956
37295953
37290970
37290969
37290692
37290038
37289285
37287058
37286992
37286615
37285350
37285136
37280435
37279959
37278238
