30679032
30595370
30593698
30583798
30576354
30575882
30573740
30571770
30566020
30554720
30552067
30524134
30539684
30535219
30531941
30531825
30519892
30508204
30511478
30510254
30510122
30509170
30499747
30478852
30478441
30474154
30469083
30467019
30448322
30442986
30427476
30420501
30413934
30404896
30403623
30398016
30389748
30383316
30367974
30362959
30359730
30358150
30355576
30355388
30355295
30352877
30349118
30348997
30343275
30339246
30336701
30327483
30323197
30323177
30318101
30309720
30309464
30306274
30305743
30305740
30297966
30297428
30292817
30286397
30261039
30260755
30254091
30243622
30240442
30235288
30220432
30218068
30217194
30212481
30197049
30181606
30181555
30177863
30171033
30166530
30166351
30165448
30154500
30150289
30124842
30120341
30120083
30108252
30108127
30107595
30104761
30104759
30103784
30093342
30091838
30090940
30086135
30054594
30052639
30048498
30048462
30047479
30046833
30041671
30025129
30022313
30016737
30012324
30012220
30008090
30005032
30003307
29997226
29995854
29988085
29982268
29982196
29977057
29976226
29971434
29970889
29970414
29961893
29959136
29955826
29955180
29954742
29954452
29950300
29947775
29946685
29936916
29936532
29908859
29899525
29893838
29891935
29875125
29875094
29874178
29868910
29856801
29849051
29844566
29844141
29808390
29804699
29801777
29792209
29785956
29785727
29785011
29785010
29784928
29782485
29777993
29777097
29776774
29776014
29771288
29769521
29769355
29760501
29752348
29741272
29739817
29739772
29724143
29718151
29710135
29699973
29691431
29691411
29691392
29691247
29686024
29684174
29679657
29676281
29662166
29662059
29660117
29651651
29642757
29641994
29632216
29626450
29622586
29617998
29615487
29615217
29604327
29594847
29588506
29588329
29581483
29581385
29579109
29569713
29562276
29559693
29559360
29558496
29549348
29538386
29536507
29532460
29520109
29520036
29518662
29518141
29515099
29511167
29509885
29501066
29497042
29490971
29485201
29479646
29462350
29447406
29440150
29437585
29437582
29436472
29429966
29398408
29397368
29396851
29391395
29381683
29358193
29338102
29335253
29332840
29329063
29325150
29317602
29314248
29309628
29307387
29307385
29305563
29295838
29278772
29274927
29259258
29255261
29255044
29254930
29249824
29242259
29237688
29235157
29227965
29212778
29211804
29207491
29199115
29187746
29187730
29171078
29169373
29168353
29145428
29112751
29110330
29106579
30657376
29084183
29079522
29069474
29066090
29040744
29040610
29031762
29030403
29025033
29020281
28993386
28992036
28986505
28985494
28982690
28973022
28972577
28968913
28963089
28957414
28954631
28942963
28937693
28925747
28924184
28917120
28910820
28893854
28873402
28873397
28873088
28871152
28869591
28836039
28809859
28793990
28793914
28793181
28759005
28752806
28748955
28747529
28746715
28736445
28733474
28717197
28714975
28714974
28712995
28711986
28706094
28703694
28696997
28678979
28669905
28646674
28644851
28641372
28601812
28584231
28572633
28566307
28559460
28556459
28552196
28551493
28529332
28488939
28486474
28480974
28454540
28424154
28418403
28411266
28388634
28387438
28379579
28373160
28365468
28364486
28363219
28362817
28341684
28338774
28334838
28317167
28251931
28241076
28238197
28196256
28196072
28194004
28186152
28178995
28166415
28166213
28158566
28146576
28144980
28135244
28128654
28114305
28106621
28095156
28092683
28077465
28075609
28073954
28073953
28056765
28040731
27992416
27989777
27976682
27973677
27959336
27903560
27876820
27864402
27863252
27841878
27824608
27818178
27801894
27799538
27660514
27643430
27438865
27773431
27773354
27764096
27758828
26809841
27437785
27720551
27716837
27702941
27693812
27692269
27636229
27636227
27631769
27596730
27546527
27529168
27520533
27494321
27473438
27466983
27428752
27407038
27270109
27270105
27237867
27232076
27225129
27209633
27207519
27197004
27115122
27110937
27103599
27094806
27089180
27067015
27056396
27046643
27029810
27015805
27008686
27006341
27001997
26995106
26961502
26956984
26955885
26917578
26894596
26846593
26830817
26795427
26795295
26760200
26753864
26746598
26739739
26732621
26703498
26700411
26678491
26670686
26662490
26654569
26652593
26647871
26496350
26481672
26448589
26445480
26430771
26423011
26355837
26302374
26244401
26151266
26084728
26070470
26049253
26049251
26000792
25886648
25826379
25766493
25760329
25749558
25730447
25551408
25550291
25503070
25490859
25229622
25122018
25085103
24974975
24899378
24888710
24884621
24755478
24732693
24518430
24513227
24360142
24336895
24336235
24282498
23990935
23958225
23714095
23604069
23220717
23148109
22722691
22693700
22463865
22411865
21917745
21507012
21214973
20949382
20726090
19748601
19033256
18381396
18381395
18381394
18381393
18381392
18381391
18381390
18381389
18381388
18381398
18370851
17906329
17574079
34247229
33936514
33766239
33521769
33500177
33491742
33485635
33453490
33444201
33443076
33413912
33413813
33412546
33407573
33405276
33396887
33388205
33387670
33385434
33385171
33382884
33373724
33373549
33371391
33371106
33359885
33357518
33357513
33356394
33334812
33334125
33333475
33333105
33332181
33328047
33327746
33320851
33320224
33319780
33318152
33318029
33312507
33311950
33311554
33310204
33310085
33309415
33309181
33307186
33303456
33300603
33298331
33297884
33293427
33293400
33293297
33290993
33287642
33283203
33280147
33279681
33277303
33276944
33275596
33262432
33262371
33261611
33259984
33257650
33257031
33252839
33252089
33248371
33248170
33247094
33239102
33237904
33237584
33236465
33234629
33231665
33228395
33226994
33219367
33216760
33214629
33213727
33210391
33204020
33203906
33201886
33199916
33199525
33199044
33197721
33197716
33197388
33195696
33189892
33189425
33189065
33184277
33181258
33179380
33176802
33176448
33175443
33172457
33171179
33168159
33167965
33166643
33161765
33157426
33156697
33152050
33152008
33148439
33144568
33143770
33142733
33141367
33139801
33132184
33131310
33128006
33127858
33125721
33125279
33125268
33125266
33125193
33120349
33115273
33115266
33110269
33109997
33109261
33104719
33099541
33097823
33096330
33095951
33095761
33091956
33090998
33087929
33082454
33081855
33080795
33079929
33079599
33076288
33075057
33070213
33067404
33063668
33057025
33054810
33053335
33051271
33050031
33038664
33038639
33036646
33033864
33031386
33020484
33018322
33017050
33008364
33006619
33004418
33002777
32999390
32992162
32991828
32989605
32989287
32989213
32986727
32985786
32981450
32981134
32980342
32979890
32979523
32971464
32971307
32970232
32970095
32969132
32964541
32964493
32963348
32963334
32963231
32960883
32959868
32958675
32957805
32956347
32955439
32951248
32949947
32949071
32947644
32946765
32945147
32943239
32939982
32934108
32929646
32929176
32926103
32925908
32921791
32918767
32918088
32916098
32913073
32911025
32908133
32901066
32898681
32895918
32895386
32892370
32888494
32888427
32887889
32887874
32886096
32885772
32878991
32875944
32873964
32873934
32868294
32864785
32861010
32860398
32859587
32857775
32856754
32856611
32856188
32855344
32851419
32847945
32847829
32844204
32843070
32839619
32839289
32838838
32835819
32835759
32835758
32830201
32828527
32826890
32826294
32818884
32818802
32818716
32817712
32817390
32814959
32814947
32814899
32814579
32808324
32808034
32807930
32805626
32805247
32805014
32804441
32803253
32801349
32801043
32797154
32791893
32791511
32791383
32791209
32790217
32778766
32769997
32766777
32764582
32763175
32762905
32761538
32758451
32758448
32757644
32754745
32748028
32747172
32746843
32746141
32745823
32744306
32741009
32740755
32737316
32737104
32732917
32732295
32732251
32728095
32727815
32726343
32725961
32723006
32719433
32717139
32716562
32713607
32713275
32710482
32709735
32709071
32706328
32705587
32702746
32701947
32697777
32694572
32693845
32692755
32692746
32691046
32690583
32687551
32687259
32683280
32681593
32679274
32678323
32675199
32671621
32668401
32665587
32665545
32665523
32665362
32665031
32664590
32663566
32659727
32651323
32651263
32650426
32649918
32649856
32646967
32645214
32641273
32638365
32636298
32635790
32632093
32630669
32628676
32627641
32624019
32623925
32623924
32623451
32620963
32616677
32616615
32615124
32614825
32613721
32605384
32603359
32601477
32600054
32590313
32589924
32588423
32588049
32581364
32581363
32581362
32581359
32581113
32580250
32580138
32574563
32573118
32569755
32561221
32558996
32558014
32556213
32555176
32553051
32548700
32546850
32546565
32546146
32542040
32542026
32540950
32537937
32533189
32532775
32527275
32527199
32526625
32521327
32519625
32518416
32517579
32511779
32511104
32507896
32503972
32502668
32497776
32495843
32493714
32493397
32492095
32491161
32488253
32488134
32488059
32483632
32480346
32479757
32479557
32478482
32471663
32471361
32470091
32469896
32469254
32467347
32466883
32466757
32464432
32461697
32457287
32457180
32454138
32454124
32451547
32450567
32448866
32437090
32433515
32432689
32428233
32427420
32425064
32424355
32423484
32415959
32413819
32409920
32409868
32407993
32403311
32399975
32398872
32392279
32392212
32392078
32390946
32390549
32386560
32385265
32383070
32382064
32381021
32380867
32380363
32379755
32376888
32376731
32376654
32376409
32371234
32370851
32369491
32367730
32367073
32366963
32358547
32352494
32349989
32348954
32347951
32345703
32343744
32343485
32341335
32339537
32338769
32336055
32330416
32329772
32329708
32327713
32326961
32318716
32317632
32314116
32313248
32313023
32310977
32308100
32306718
32306029
32302253
32300774
32299669
32299326
32297862
32296059
32290872
32285445
32284183
32277816
32277781
32277175
32277109
32276208
32275883
32270255
32269255
32253185
32251405
32249730
32247823
32247148
32246137
32245788
32239398
32238408
32232836
32227305
32226035
32222630
32222094
32219344
32218120
32215913
32206722
32204975
32203549
32203203
32200763
32198180
32197076
32193507
32193382
32190914
32189608
32188587
32184442
32182344
32181888
32179874
32179703
32178703
32172311
32170308
32170055
32169310
32169169
32165250
32163637
32161038
32154731
32153787
32152019
32151942
32151437
32148083
32141789
32139392
32134384
32132674
32131999
32116251
32114822
32113648
32111522
32109421
32109272
32108890
32108233
32108162
32108144
32107378
32099098
32094379
32092884
32088203
32084330
32076698
32075745
32071122
32068818
32066731
32066696
32066663
32066660
32062083
32060260
32059762
32054721
32051456
32051258
32051121
32049886
32049305
32045441
32042192
32032968
32020285
32019855
32017447
32008434
32007933
32005425
32001736
32001714
32000781
31999256
31996024
31995135
31993883
31992710
31988063
31986256
31978903
31974475
31974348
31969693
31969017
31968281
31959995
31959993
31959851
31959721
31957793
31955720
31951317
31951255
31951004
31949118
31946119
31943835
31928076
31927694
31927129
31919405
31915828
31915152
31914204
31913414
31911640
31908803
31908795
31902329
31900758
31899501
31887566
31886632
31884074
31881028
31879980
31879343
31875952
31873298
31873211
31872970
31866164
31866045
31862893
31862157
31858985
31857670
31857628
31852727
31848595
31844048
31837886
31837535
31834381
31834199
31833150
31825506
31821322
31817859
31816047
31815694
31815349
31812706
31809533
31805784
31802328
31802129
31802111
31801372
31800047
31797917
31792362
31786776
31780650
31780129
31779733
31778147
31777339
31776335
31768069
31768000
31767999
31764948
31761296
31761295
31758711
31757795
31756303
31755939
31748747
31745258
31745073
31738818
31738420
31738228
31735295
31734309
31730944
31728486
31727424
31723428
31722392
31718498
31712678
31707836
31707551
31704910
31703460
31703168
31702599
31701892
31700637
31700174
31698963
31694394
31691645
31690775
31689377
31685151
31680168
31679996
31676865
31676860
31675324
31671092
31670792
31669095
31668704
31668584
31666681
31665216
31663185
31662371
31659322
31659270
31659249
31657276
31653892
31653226
31651957
31648709
31647808
31644534
31644355
31642894
31640504
31637942
31636452
31636251
31630189
31626644
31623012
31619474
31619348
31615888
31610298
37310314
37118545
37118065
37117740
36924244
36857144
36811574
36811571
36803976
36789942
36788058
36733281
36729536
36699869
36696232
36672803
36648036
36642660
36615690
36615681
36600446
36591268
36587059
36585646
36584111
36583230
36582365
36581688
36580444
36580301
36580284
36576600
36574950
36572457
36569933
36568745
36568114
36567534
36566876
36565701
36563696
36558494
36558463
36553520
36550182
36550123
36543808
36543768
36542907
36542873
36542288
36541441
36537585
36535980
36535189
36530697
36529820
36528860
36528340
36528209
36527564
36526487
36525430
36522755
36519770
36517845
36517625
36517471
36516597
36516523
36515951
36514169
36514134
36514123
36513988
36513763
36513072
36512526
36512045
36508215
36507867
36504327
36503897
36502284
36501077
36501061
36497168
36496374
36495933
36493826
36493747
36493335
36490288
36484568
36482759
36482467
36482104
36481699
36481370
36480766
36479845
36477264
36476644
36473423
36471350
36470944
36470375
36469027
36464539
36463771
36463630
36462729
36462434
36459845
36459724
36459520
36458946
36456045
36451375
36451350
36450978
36450729
36450278
36448979
36447372
36447293
36446790
36444831
36442731
36441335
36436007
36434048
36430859
36427627
36426750
36426713
36424669
36424608
36424578
36424572
36417676
36415971
36413936
36413587
36411396
36411363
36410544
36409970
36407298
36405091
36402876
36402844
36401354
36400784
36397104
36396607
36396079
36395175
36395078
36385622
36385154
36384558
36383675
36383614
36379544
36379419
36378351
36378208
36377279
36377121
36377051
36372681
36372304
36372100
36368478
36368244
36367493
36364932
36357562
36356475
36353998
36352240
36351667
36350810
36347158
36347157
36344982
36344655
36344522
36336714
36336692
36336676
36335127
36334822
36334679
36334133
36333523
36333391
36333282
36329166
36329022
36328784
36326078
36322888
36321943
36320076
36320039
36319577
36319053
36318282
36317527
36316489
36316431
36316288
36314129
36312318
36311265
36310158
36309747
36309714
36308984
36307799
36307513
36306736
36306611
36305497
36303185
36302817
36302460
36302445
36301540
36300678
36300346
36299452
36297117
36297114
36297015
36292594
36288729
36282503
36281921
36280732
36280553
36280346
36279545
36277472
36271874
36271454
36270037
36269708
36268725
36265503
36265482
36264615
36259584
36258297
36253742
36253532
36253519
36253437
36253103
36252619
36250789
36250602
36249200
36248866
36246900
36246884
36245378
36244801
36244797
36244420
36243769
36243314
36241887
36240765
36239377
36235711
36235690
36235661
36235559
36231244
36229801
36229773
36229030
36228550
36228192
36227072
36227056
36224602
36223793
36223334
36223333
36221229
36220873
36219796
36219204
36217157
36217013
36216889
36215071
36209412
36209141
36208176
36208030
36206883
36205767
36204988
36201210
36199128
36199126
36198681
36198314
36198219
36196897
36196587
36195457
36194491
36194337
36194023
36193707
36192376
36190732
36183084
36182724
36182335
36181450
36177651
36175979
36174399
36173949
36171548
36171142
36170352
36169986
36169945
36163213
36163151
36162818
36162675
36162666
36162655
36161993
36161899
36152628
36152312
36152054
36150907
36150733
36150406
36149265
36138150
36137075
36137074
36134646
36134520
36131375
36130725
36129566
36129112
36125811
36125206
36124644
36124564
36122870
36122202
36117174
36116076
36115938
36115590
36114182
36114174
36114149
36113328
36111372
36109502
36109160
36106648
36106372
36104610
36104282
36104095
36102938
36102808
36100952
36100869
36099924
36099244
36098472
36094529
36093575
36091497
36089592
36088354
36086304
36085169
36082669
36079862
36076200
36076102
36075499
36069651
36069056
36068934
36067583
36067251
36067235
36067162
36066889
36066878
36066874
36066420
36064688
36064556
36064521
36058577
36058288
36057072
36056235
36056064
36055801
36053807
36053730
36050433
36049682
36048760
36048441
36047410
36047058
36045366
36045363
36044383
36042183
36042048
36041764
36040723
36040623
36039524
36039015
36038880
36038828
36038622
36038257
36037472
36036209
36036170
36036153
36029835
36029480
36029464
36028550
36028495
36027958
36026442
36017880
36016477
36014876
36014780
36014764
36011568
36007526
36006653
36006020
36002830
36002750
36002213
35999565
35997959
35996327
35995978
35995794
35995626
35995490
35995280
35994664
35994481
35994254
35992131
35991068
35990650
35989356
35987817
35987430
35986965
35986173
35984822
35984477
35981585
35980616
35979348
35978398
35978138
35977839
35977816
35977751
35977442
35975661
35975633
35973541
35972662
35972529
35970205
35969388
35965319
35962842
35961582
35956413
35953856
35953651
35953519
35953482
35952636
35952493
35948913
35947896
35947687
35947615
35946401
35945607
35944739
35944243
35942506
35940935
35940884
35940879
35939863
35938915
35938382
35935937
35934032
35933330
35933167
35931311
35927253
35926729
35926371
35925966
35925398
35922433
35921096
35920826
35918656
35915397
35913729
35907931
35907915
35907708
35905688
35905597
35905320
35904973
35904850
35902670
35902171
35900730
35900728
35900194
35896751
35896705
35896674
35896434
35889900
35889840
35880304
35879401
35878836
35876900
35876359
35876003
35870967
35870305
35869152
35867128
35866704
35865545
35863116
35861959
35861954
35861213
35859178
35859134
35857297
35856185
35856088
35854226
35853950
35853559
35852586
35850211
35849013
35848057
35846282
35843793
35842455
35841873
35841389
35841094
35839901
35839537
35838494
35836215
35835912
35835543
35834561
35822614
35822417
35821115
35819183
35816845
35816517
35816464
35811326
35810165
35809217
35808995
35807838
35806110
35803923
35803489
35803473
35801699
35798177
35797272
35797158
35796184
35794436
35794006
35793639
35793595
35793237
35790706
35788660
35787523
35780433
35780382
35780076
35780037
35779662
35779327
35777635
35777174
35776845
35773463
35773277
35772917
35772650
35771998
35770811
35769930
35767013
35766062
35766057
35765714
35764673
35764530
35763943
35763501
35763490
35762974
35762284
35761239
35760239
35758857
35754269
35753852
35751988
35751453
35750963
35750890
35750798
35749744
35748644
35747941
35745194
35741817
35738866
35737388
35735009
35732632
35731045
35730595
35730328
35729236
35727954
35726534
35725988
35721742
35721706
35717579
35715813
35715361
35714612
35714308
35713602
35711612
35710731
35710463
35709753
35708198
35708014
35705942
35704438
35704268
35704044
35703944
35703387
35701596
35701404
35700724
35699189
35698167
35697868
35697867
35696722
35695039
35692403
35692035
35690930
35690125
35689460
35688633
35687092
35686230
35685390
35684074
35681260
35681053
35680855
35679339
35678014
35676089
35675752
35668104
35666716
35666174
35665663
35662426
35659928
35658811
35658006
35656699
35656588
35655218
35655214
35654993
35654884
35654594
35653911
35653391
35652341
35650572
35649421
35648832
35640906
35640889
35639372
35637384
35635846
35633389
35624487
35623617
35622359
35622304
35622233
35622126
35621194
35621185
35621052
35619136
35618017
35616623
35614343
35614088
35613818
35612836
35612725
35612061
35612060
35608247
35606880
35606845
35606578
35604078
35599344
35598520
35598204
35597955
35597771
35595084
35594287
35592775
35590361
35589868
35589863
35589582
35589437
35588860
35585065
35584867
35583917
35583889
35583863
35583136
39193262
35580429
35579976
35578763
35578132
35575404
35568031
35567766
35565667
35553650
35552706
35551264
35550063
35545624
35544595
35544052
35538486
35538205
35538193
35537820
35537532
35536239
35536160
35535512
35534565
35534298
35526028
35525499
35521709
35513912
35513113
35511874
35509091
35508625
35508500
35508184
35505052
35504554
35504290
35501852
35501368
35500836
35500606
35499407
35499342
35489708
35484537
35477353
35474393
35474271
35474192
35473626
35472671
35468914
35468551
35467766
35467761
35462547
35461807
35460399
35460182
35460147
35460076
35459240
35458116
35456501
35452448
35452027
35451454
35450575
35446370
35446358
35445560
35444173
35444168
35442943
35439339
35438196
35437601
35436960
35436955
35436848
35433589
35429337
35427684
35421325
35421261
35421149
35418197
35417845
35411403
35410749
35410495
35409927
35405941
35405176
35403721
35398282
35397106
35394676
35393596
35390725
35389749
35388897
35387809
35385699
35383355
35383168
35381014
35381005
35377426
35373896
35368045
35365899
35365809
35365804
35363255
35362209
35361574
35358546
35357000
35353173
35351028
35349783
35349660
35349659
35348899
35347252
35347136
35347114
35347089
35346749
35346416
35339527
35339005
35337923
35334852
35334789
35333923
35333364
35331410
35331365
35328087
35328073
35324888
35321746
35320144
35318279
35318151
35318112
35314696
35313867
35313082
35312764
35308982
35308936
35308900
35306566
35304435
35302893
35301588
35301376
35301250
35299247
35298920
35297226
35294538
35293152
35292529
35290122
35288978
35288202
35287516
35285476
35278410
35278270
35275999
35275550
35271950
35271877
35271803
35267208
35263625
35262657
35260612
35255491
35255092
35254398
35253444
35248171
35247746
35247066
35246521
35243827
35241774
35240056
35239414
38440060
38356679
38331642
38304335
38274228
38269249
38260160
38260157
38260151
38260127
38259461
38222374
38220394
38220361
38219651
38201952
38201933
38185094
38179710
38177845
38169598
38165807
38165331
38165323
38163566
38162651
38162069
38161123
38159486
38159401
38157962
38156552
38156471
38154569
38154517
38153731
38152136
38151753
38151608
38151225
38151182
38150468
38149258
38148627
38146598
38145876
38142967
38142832
38142718
38141141
38137055
38134266
38131187
38129845
38128266
38127078
38124109
38123642
38123074
38118447
38117700
38116309
38115125
38113267
38112489
38112100
38110912
38109175
38108247
38108111
38107516
38104120
38104003
38103877
38103521
38103512
38102312
38102060
38101812
38100958
38100139
38098267
38097766
38097619
38097585
38097541
38096184
38095720
38095658
38095641
38095106
38093968
38093964
38093316
38093264
38093177
38089610
38087427
38086555
38086281
38085289
38084713
38083709
38083699
38083636
38083493
38082756
38082205
38081449
38081346
38081205
38073256
38072966
38072013
38071240
38068754
38066552
38066548
38065716
38065478
38065472
38065279
38064154
38063329
38063144
38062487
38062446
38057974
38057740
38057395
38057083
38057000
38056704
38052855
38050769
38049874
38049803
38049731
38048800
38044484
38042409
38042194
38042162
38040849
38040769
38040695
38039689
38039339
38038193
38036550
38036055
38036035
38035758
38035555
38032977
38032963
38031296
38030408
38029611
38029505
38019753
38019728
38018492
38018286
38018135
38017547
38016990
38016951
38016070
38015384
38014686
38014537
38013398
38013230
38013064
38012714
38010695
38009393
38009009
38008468
38007406
38006695
38004211
38004209
38004195
38003606
38002274
38000660
38000468
38000092
37997724
37997550
37997129
37996941
37996579
37996550
37995126
37995032
37995010
37993940
37993362
37992969
37992774
37991852
37990960
37990415
37989490
37989438
37989422
37989345
37989062
37988369
37987834
37986064
37985819
37985818
37985698
37985486
37985251
37984624
37984403
37979581
37978364
37978283
37977552
37977264
37976635
37976632
37975955
37975174
37973425
37972495
37968623
37968161
37967698
37967073
37964430
37964359
37963865
37963177
37962888
37960974
37960725
37960715
37957254
37956218
37955011
37955003
37953572
37952650
37951941
37951457
37951389
37950632
37949880
37948020
37947877
37947095
37946218
37945700
37945290
37945032
37944693
37944549
37944514
37942709
37940997
37940980
37940228
37938842
37937916
37936397
37935988
37935336
37935324
37932860
37932741
37932435
37932343
37931855
37930726
37929782
37929589
37929032
37927163
37926948
37926784
37926247
37925898
37923669
37923500
37922884
37922693
37922594
37925459
37924067
37923935
37923823
37923787
37920887
37919896
37919716
37918681
37918457
37918179
37917198
37917154
37915075
37914956
37914703
37908181
37908051
37907836
37905609
37904118
37903942
37902501
37900992
37900148
37900125
37899473
37898064
37895311
37895183
37891401
37890495
37889436
37889180
37884785
37884697
37884160
37884062
37882086
37881162
37880510
37879942
37879338
37878311
37877683
37876547
37874242
37874025
37873708
37872228
37872218
37871746
37869564
37867527
37866943
37866696
37866694
37866291
37865679
37865213
37864545
37864216
37864076
37863636
37861743
37861301
37857612
37856735
37856513
37855835
37855144
37853340
37852586
37851596
37851413
37850252
37849761
37848891
37848731
37848535
37847794
37846527
37845735
37845420
37844115
37841972
37841724
37839728
37838806
37834124
37831419
37831088
37831014
37830502
37830501
37830349
37828430
37828061
37827536
37827425
37827145
37821910
37821706
37821076
37820988
37819667
37816865
37815300
37815053
37814277
37814219
37814053
37813749
37813170
37811979
37810889
37809097
37809092
37807832
37805474
37804689
37804586
37803197
37803156
37802043
37801867
37798826
37798698
37796207
37794451
37794188
37794186
37794183
37792698
37792558
37791980
37789775
37789450
37788223
37788000
37787818
37787550
37784116
37783402
37783279
37782489
37781392
37781358
37778454
37777824
37777527
37777289
37776082
37774659
37773956
37771125
37770476
37770350
37769628
37768900
37768248
37764869
37764748
37764694
37761966
37759216
37759214
37758482
37757828
37757824
37757613
37755636
37753710
37753708
37752719
37752570
37752486
37752310
37752250
37751591
37750294
37749244
37747776
37746910
37742647
37742574
37741866
37741522
37740713
37738632
37738404
37738239
37738170
37737258
37736873
37736821
37735816
37735503
37735436
37734898
37734636
37734269
37734206
37733837
37733769
37733221
37732088
37731961
37731506
37730580
37730406
37729839
37729413
37728925
37728730
37728483
37726845
37725912
37724055
37723992
37723974
37723362
37721944
37717571
37716346
37715771
37714904
37714020
37713654
37712257
37711902
37710313
37710206
37709961
37708900
37708453
37705021
37704099
37702310
37699667
37699665
37699069
37698563
37697910
37697382
37697334
37697102
37696489
37696218
37695605
37693713
37691954
37690594
37690589
37689747
37688479
37686836
37686741
37686714
37684631
37684235
37682415
37682053
37681566
37679034
37678759
37678743
37677911
37676847
37676684
37675869
37675583
37674411
37672940
37671773
37671665
37671590
37669985
37668600
37668472
37668042
37667969
37667966
37667186
37664887
37663829
37663544
37663543
37662961
37661278
37660722
37660674
37659996
37658231
37656706
37654212
37654024
37653438
37653148
37652022
37652020
37650913
37648937
37648772
37647632
37647062
37644460
37643990
37643728
37642678
37642038
37641551
37641019
37639628
37638986
37638657
37634885
37634759
37634742
37634304
37634228
37634025
37633120
37633021
37633014
37626057
37625151
37624788
37622533
37620601
37620332
37620119
37616264
37614046
37612539
37612215
37610595
37609934
37608605
37608387
37607129
37606917
37606881
37605270
37605228
37605021
37604963
37604819
37604659
37604298
37603383
37603265
37603226
37602951
37602645
37602368
37598461
37592324
37592225
37592069
37589995
37589638
37589153
37589137
37587271
37586954
37586479
37586323
37586315
37585199
37583432
37582955
37582857
37581386
37580669
37578795
37578347
37578112
37576957
37574304
37573024
37572975
37572855
37572680
37572045
37571375
37571327
37565819
37563569
37562999
37562936
37561991
37560999
37560908
37558735
37558590
37557917
37556136
37555321
37554051
37552871
37551793
37550788
37550565
37549530
37549511
37549380
37547976
37547953
37545239
37544968
37544462
37544299
37543429
37543299
37543248
37543090
37543033
37542950
37541849
37541753
37540498
37538264
37537214
37536998
40224608
37535610
37535318
37529978
37528422
37527660
37526907
37526906
37525502
37525375
37523888
37523535
37523034
37517545
37517075
37516996
37515404
37513593
37510633
37507671
40225160
37506413
37505744
37504220
37501206
37500982
37500025
37499945
37498674
37498576
37497617
37497611
37497346
37494916
37494795
37494602
37494057
37494011
37493001
37492984
37491535
37491359
37491308
37491271
37489815
37489768
37489536
37488169
37487843
37485895
37481617
37481074
37480061
37480048
37479783
37478287
37477883
37477156
37475089
37474577
37471560
37471044
37469984
37468959
37468793
37468507
37468441
37467250
37467176
37464899
37464539
37464328
37463971
37463867
37462704
37460680
37460270
37460193
37459583
37459064
37458535
37455285
37454213
37454089
37453564
37453269
37453087
37452040
37451613
37451311
37449380
37449354
37447260
37446387
37443347
37443256
37443054
37440761
37438803
37437622
37437450
37436694
37435841
37435782
37435691
37434422
37433779
37433748
37432331
37432322
37432291
37431946
37431843
37429103
37428318
37426655
37423742
37422736
37422735
37422733
37422047
37421961
37421292
37419925
37419389
37418473
37415806
37415668
37415201
37415095
37415077
37415075
37414900
37414898
37414299
37414192
37410157
37409534
37409353
37408141
37407836
37407315
37407123
37406925
37405597
37403750
37403371
37403260
37403110
37402868
37402756
37400787
37400639
37400433
37399490
37397759
37394533
37393057
37391117
37390107
37388215
37386504
37386248
37386106
37385998
37385972
37385629
37381916
37380018
37379654
37375607
37369360
37369060
37368983
37368869
37368847
37367296
37365406
37365347
37365003
37364045
37359532
37358849
37358671
37358553
37358249
37356807
37356734
37356206
37355273
37354980
37354644
37353766
37353234
37352747
37352437
37352370
37350734
37350485
37350480
37349538
37348876
37348803
37348789
37348500
37348154
37347589
37345823
37345817
37345498
37345345
37344456
37344154
37342352
37342033
37341992
37340995
37340719
37340419
37340242
37340172
37340002
37339320
37336961
37336634
37336556
37336529
37334786
37334598
37334359
37332016
37331483
37331308
37331118
37330925
37330142
37328908
37328865
37327674
37327227
37322846
37322117
37318502
37317877
37316042
37315735
37312172
37311464
37311415
37310901
37310738
37310512
37309807
37309804
37308902
37307727
37307368
37306871
37305557
37305422
37303201
37303098
37302600
37301769
37301713
37295956
37295953
37290970
37290969
37290692
37290038
37289285
37287058
37286992
37286615
37285350
37285136
37280435
37279959
37278238
41726445
41726399
40783865
40417509
40226712
40226710
40226662
40074311
40054233
40039995
40039748
40039237
39911233
39905953
39902040
39896234
39887119
39882263
39858580
39809179
39809149
39801100
39799755
39799098
39796544
39796473
39796472
39793323
39775791
39770955
39770924
39770894
39760673
39757726
39754912
39743471
39742967
39742733
39741416
39741290
39740741
39740299
39739889
39739349
39738665
39738366
39737667
39736738
39736679
39736507
39736334
39736190
39734325
39734228
39734043
39733985
39733319
39732592
39732430
39732110
39731856
39730838
39729424
39727065
39725839
39725442
39725155
39724785
39723615
39723538
39721983
39721142
39719816
39719503
39719181
39718377
39717880
39716370
39716115
39715877
39714283
39713929
39710193
39709418
39708996
39708637
39708635
39708426
39708029
39707330
39707285
39706855
39706703
39705479
39705472
39705437
39705098
39704901
39704077
39703074
39702585
39702291
39701868
39696687
39696368
39696080
39696061
39695684
39695648
39695248
39694335
39694290
39694150
39693428
39690559
39689778
39689375
39687074
39686681
39686495
39686445
39686424
39684283
39683631
39683459
39683449
39682065
39680354
39675506
39674127
39673284
39673206
39673021
39672473
39672249
39671448
39670433
39668402
39668276
39668158
39668106
39667926
39667719
39667048
39666780
39666174
39663904
39663756
39663699
39663608
39662686
39662181
39662157
39658624
39657956
39657951
39657752
39657297
39656405
39655431
39654488
39654303
39654221
39653777
39652873
39652205
39651830
39647990
39644883
39644737
39644736
39644568
39644256
39644177
39643932
39642867
39641749
39641165
39639347
39639156
39638772
39638265
39638041
39637925
39637863
39637861
39637673
39633578
39633572
39633571
39633544
39633408
39632723
39632479
39632152
39631987
39629563
39628070
39627804
39627187
39626789
39625957
39624895
39622843
39622188
39621803
39620366
39620226
39617873
39617478
39616874
39616224
39615872
39615757
39614984
39614878
39614876
39614691
39614281
39614194
39614183
39614164
39613205
39613042
39612082
39611256
39610287
39609904
39609539
39608471
39607119
39604955
39604873
39604734
39604510
39604029
39603344
39603322
39602984
39600154
39596582
39595643
39593222
39592985
39592890
39592779
39592495
39592086
39587552
39587367
39587092
39586964
39585470
39582374
39582249
39581385
39580622
39580111
39579765
39578829
39578329
39577812
39577501
39576882
39575750
39575717
39575704
39574033
39572783
39572695
39570618
39570587
39568816
39568230
39568213
39567890
39567769
39567532
39567382
39566677
39566261
39563289
39563277
39563274
39562688
39561769
39561567
39560526
39560198
39559882
39558002
39557910
39557423
39557340
39552398
39551887
39551120
39551095
39551000
39550820
39550770
39550435
39550224
39550221
39549888
39548715
39548477
39548300
39547964
39547959
39547383
39547039
39545903
39544105
39543288
39543113
39541979
39541697
39540860
39540306
39540094
39538979
39538117
39537602
39537208
39537106
39536975
39536527
39536478
39536393
39533573
39532196
39535783
39535692
39535371
39533594
39533575
39532881
39532837
39532828
39532554
39527539
39526476
39523898
39523850
39523304
39522012
39521843
39521299
39520928
39520911
39519513
39519494
39519409
39516519
39516378
39515216
39511865
39511824
39511639
39511567
39511343
39511256
39510601
39510220
39506848
39506811
39506244
39508149
39505872
39505019
39504918
39504675
39504504
39504440
39504381
39503246
39502073
39501636
39501212
39500367
39499541
39499225
39497303
39497270
39496061
39493760
39490735
39490728
39490725
39490584
39487349
39482741
39482694
39488861
39488238
39488213
39488097
39488025
39480913
39486893
39478033
39477889
39477866
39477366
39477077
39474987
39473508
39472987
39472661
39472519
39471479
39468953
39468307
39467290
39467168
39466646
39466182
39465831
39465791
39465765
39464879
39464184
39463411
39460944
39458547
39457408
39457114
39455599
39455418
39455192
39453753
39449364
39448895
39448744
39448314
39447777
39447179
39445587
39445502
39445015
39444310
39443972
39443947
39443521
39443279
39442521
39442342
39442069
39441508
39441329
39440482
39439568
39439267
39438930
39438733
39438716
39438628
39438592
39437577
39437570
39436832
39435892
39434152
39434104
39434051
39434035
39433891
39433077
39433070
39433008
39432608
39429737
39429142
39428439
39428403
39427925
39427200
39426521
39426517
39425782
39425590
39425533
39425076
39424787
39424455
39424418
39424166
39423956
39423936
39423864
39422662
39422841
39419750
39419130
39418858
39417685
39415792
39415179
39415140
39413883
39413583
39413579
39413577
39412818
39412545
39412356
39412235
39410749
39407224
39407144
39407013
39406732
39406500
39406345
39405349
39405064
39404821
39404063
39403923
39403589
39402736
39401857
39401602
39400531
39397782
39397220
39396957
39396641
39395990
39395721
39395678
39395374
39388067
39387466
39395132
39394735
39394616
39394562
39393512
39392583
39392566
39392242
39391916
39391305
39390756
39390683
39390542
39390048
39389333
39389016
39388339
39388260
39387147
39387050
39386997
39385584
39384879
39384777
39384229
39383998
39382304
39381876
39380376
39380026
39379999
39379490
39379299
39378120
39377282
39375737
39375339
39375304
39374800
39370886
39370813
39370703
39370105
39370033
39369663
39369548
39368287
39368088
39367918
39367739
39366334
39365385
39364876
39364726
39362880
39362226
39361532
39361235
39361088
39360436
39358768
39358504
39358353
39358315
39357380
39354277
39353511
39356276
39355936
39355913
39355614
39354608
39354455
39354406
39351534
39350628
39350213
39349990
39349772
39349699
39349469
39349253
39348397
39348288
39345885
39345878
39343863
39342056
39341434
39340900
39340798
39340432
39340156
39336717
39334214
39333915
39333847
39333296
39333190
39332922
39332904
39332408
39332264
39332193
39331875
39331845
39327893
39325883
39324397
39324273
39324186
39322921
39322779
39322778
39322770
39322746
39322327
39322091
39321409
39321268
39320086
39317645
39316934
39316383
39315829
39315407
39313919
39313615
39313314
39312585
39312361
39307671
39307396
39307279
39306731
39306487
39305789
39305755
39302270
39297800
39297449
39304430
39301620
39302970
39302424
39300958
39299824
39299614
39299580
39299445
39299233
39298701
39295078
39294559
39294524
39294438
39293485
39292644
39292536
39292460
39292264
39291781
39291673
39291465
39289727
39289682
39289647
39289386
39289047
39288835
39288744
39284978
39284832
39283829
39279141
39279038
39278973
39278771
39278107
39278001
39277537
39268635
39275199
39271676
39271387
39271386
39271150
39271066
39269986
39269854
39269836
39269397
39267013
39265807
39264406
39263770
39261734
39261665
39261450
39260576
39260564
39258645
39256582
39256489
39256053
39256051
39255064
39254778
39254666
39252463
39252407
39251953
39251923
39250132
39249108
39248183
39248121
39247955
39247921
39245058
39244951
39244880
39244001
39242168
39241967
39241508
39240854
39240552
39240279
39238406
39237933
39237921
39237361
39237126
39237061
39237012
39236878
39234806
39233532
39233364
39230897
39230550
39228266
39227814
39226947
39225790
39225754
39225381
39225363
39225155
39223976
39223569
39222903
39222688
39222019
39218908
39218868
39218312
39218306
39218228
39216657
39216592
39216403
39216149
39215636
39212933
39207753
39215321
39215131
39214513
39213898
39213809
39213443
39210532
39210428
39210322
39210312
39209703
39209617
39209554
39208585
39208031
39205608
39205434
39204870
39203912
39203827
39203740
39202443
39198552
39197553
39196575
39196557
39196222
39196113
39196037
39195936
39193914
39192528
39192471
39192095
39192094
39191665
39191137
39190705
39190584
39190485
39190310
39190027
39189955
39188230
39187806
39187616
39187491
39187133
39186911
39185608
39182467
39181446
39181259
39181205
39180942
39180548
39180332
39180217
39179767
39178994
39178373
39178279
39177387
39177057
39175018
39174689
39173280
39172036
39171755
39170741
39169570
39169268
39168802
39168304
39168247
39168098
39168091
39167384
39167023
39166843
39165053
39164879
39164872
39164307
39163977
39163975
39161322
39161069
39159603
39158415
39157858
39155482
39155166
39154125
39153414
39153412
39152336
39151805
39151487
39151264
39151235
39150790
39150755
39150392
39148655
39148063
39148062
39148045
39147865
39147227
39147144
39146375
39145394
39145386
39143707
39143294
39143063
39142818
39142612
39141892
39141363
39139765
39138864
39138355
39137837
39137145
39137135
39137110
39136778
39135627
39135019
39134790
39134668
39134210
39134150
39133491
39133488
39133460
39133382
39132911
39132877
39129223
39129094
39128919
39128825
39128563
39128550
39127978
39127804
39127093
39127052
39126459
39125264
39122030
39121604
39121250
39120057
39119976
39118137
39118108
39118094
39117878
39117363
39117358
39116870
39116147
39115837
39115672
39115510
39113134
39113083
39113079
39113061
39112975
39111972
39111815
39110727
39108220
39107721
39106873
39106865
39106577
39105325
39103831
39103532
39103489
39102652
39099490
39099143
39098611
39098539
39098479
39098364
39097094
39096550
39095822
39094690
39094556
42224303
42223661
42222893
42222080
42221673
42221652
42220297
42218715
42217194
42216398
42216389
42214040
42213732
42211458
42210657
42210368
42209116
42207420
42207184
42205264
42205020
42203205
42201988
42201432
42199875
42199794
42197094
42196425
42191235
42186939
42183279
42180488
42175707
42175494
42174830
42172228
42171393
42167896
42165643
42160519
42160203
42160135
42157922
42145513
42145480
42144703
42142597
42141098
42140725
42136606
42135631
42134914
42133910
42132202
42130287
42128530
42128011
42127175
42126219
42126002
42124541
42124391
42123504
42119651
42116338
42116317
42112610
42105607
42105114
42104697
42104666
42104208
42102131
42101654
42100209
42098747
42091425
42090255
42089184
42089180
42088056
42086352
42085824
42085056
42084507
42084104
42081969
42077052
42066985
42060716
42059058
42058737
42055387
42054588
42053837
42053416
42051452
42050229
42049271
42048681
42048576
42047225
42047199
42047187
42046058
42045198
42045005
42044984
42044490
42044335
42044059
42040096
42038475
42035804
42034248
42030595
42025669
42025146
42024661
42023230
42021636
42021545
42019885
42019808
42019230
42018962
42017339
42017315
42017308
42014030
42012021
42010738
42010709
42008901
42008691
42008427
42007877
42002888
42002134
42001615
42001614
42001538
42001336
42000775
42000319
42000071
42000049
42000048
41998048
41997618
41995072
41992590
41990561
41989327
41989152
41988982
41986737
41986517
41985759
41983518
41983291
41981712
41980777
41980657
41978582
41978544
41978382
41977248
41977154
41975286
41972257
41972152
41969057
41969011
41968278
41967689
41967491
41967228
41966686
41965253
41963296
41962653
41961712
41956211
41956158
41954291
41954057
41953991
41949880
41948817
41944057
41944044
41944000
41943949
41942124
41942013
41941430
41938945
41938919
41936768
41936382
41935853
41935040
41934873
41933538
41932814
41932587
41932376
41932221
41931862
41931746
41931314
41927926
41927110
41926080
41925581
41923756
41923663
41922918
41922689
41922530
41920956
41920869
41918973
41918723
41918219
41917952
41916322
41916140
41915890
41915182
41914213
41913237
41910452
41910095
41909690
41908943
41905411
41904572
41903276
41898785
41898761
41896353
41896352
41895609
41894309
41890708
41889158
41888514
41888109
41888069
41887398
41886809
41885821
41885234
41883289
41883140
41882355
41881869
41881269
41881111
41880875
41880687
41879652
41878887
41878867
41878859
41878854
41878807
41877611
41876208
41876152
41874668
41873862
41872976
41872870
41871704
41866064
41866049
41865817
41865070
41864905
41863602
41863330
41862300
41861181
41861149
41860901
41856989
41856874
41856310
41855452
41855429
41855330
41855073
41853838
41852184
41851049
41851046
41850722
41850712
41850610
41850608
41850600
41850001
41849940
41848465
41848060
41846931
41844465
41844148
41844125
41843578
41843414
41838407
41837770
41837651
41837567
41834957
41834620
41833906
41833649
41833613
41832966
41832569
41832071
41828728
41827014
41826329
41825748
41825225
41824477
41823678
41821122
41819985
41819368
41812907
41812890
41812241
41812142
41811315
41807683
41807267
41804920
41804913
41804835
41804813
41803825
41803118
41803106
41802281
41802218
41796773
41795676
41795042
41795035
41793359
41793007
41792766
41792307
41792138
41791269
41791023
41790841
41790691
41789843
41787011
41786251
41785432
41784857
41781629
41780695
41780691
41780435
41776603
41776266
41775557
41774051
41772690
41772234
41770756
41766899
41766371
41765385
41764180
41763090
41763009
41762859
41762285
41761898
41761190
41760662
41760375
41760051
41759828
41759762
41759660
41758668
41758180
41757812
41757608
41752186
41752141
41751589
41748957
41748903
41748529
41748417
41748168
41747774
41746260
41744085
41741408
41740926
41740900
41740762
41735671
41735279
41735646
41735452
41735274
41735154
41734984
41733040
41732912
41732855
41731845
41731842
41731807
41731762
41731494
41731096
41729967
41728889
41727441
41724807
41724500
41724399
41722385
41720602
41720315
41719791
41719624
41719323
41718664
41718003
41717916
41717706
41714741
41713941
41713425
41712304
41711245
41711031
41709299
41709220
41708630
41708426
41707724
41707721
41707574
41706672
41706057
41705771
41705647
41705623
41704020
41703556
41703085
41702656
41702378
41702215
41702018
41701152
41700483
41699864
41699141
41698886
41698539
41698497
41697500
41694500
41693713
41693575
41693009
41692968
41692732
41692249
41690209
41690028
41689358
41688739
41688179
41686892
41686842
41686600
41685710
41685402
41684607
41684148
41683992
41680881
41680136
41679324
41679317
41679193
41678870
41677888
41675087
41674293
41673668
41673596
41673393
41672068
41671868
41671083
41670794
41669947
41668489
41668414
41667840
41667429
41666231
41665936
41664920
41664207
41664190
41664179
41662981
41662691
41660682
41660612
41657222
41656172
41656106
41653745
41653245
41651857
41650220
41650064
41649226
41645906
41641981
41641030
41639836
41639462
41639228
41638950
41638190
41634413
41634188
41632939
41632798
41632594
41632141
41631372
41630632
41630247
41629928
41629312
41627341
41626871
41626353
41625127
41624379
41624376
41623694
41622719
41621513
41621450
41620721
41620580
41620459
41620011
41619353
41619226
41618909
41617088
41616791
41616669
41616609
41615936
41614611
41614247
41612813
41612586
41611064
41610891
41609166
41608794
41607923
41607889
41606327
41606319
41605352
41605147
41604822
41603783
41603411
41603383
41603044
41595479
41593088
41592831
41591833
41591246
41589838
41589068
41587806
41587742
41586766
41586512
41582657
41582541
41582318
41582118
41581636
41581336
41579440
41579291
41578652
41578565
41578554
41578197
41577700
41577565
41577390
41576680
41575701
41575282
41574934
41573798
41572584
41570964
41570338
41570115
41569854
41569830
41569765
41569616
41569424
41568825
41568699
41568405
41567108
41566540
41566514
41566331
41565671
41565340
41565025
41564943
41564635
41564438
41564375
41563825
41563160
41562222
41560580
41560044
41559713
41559658
41559246
41559195
41559025
41557648
41556284
41555457
41554651
41554195
41553563
41553215
41549954
41548323
41548043
41547614
41547191
41546198
41545552
41545340
41545314
41544799
41544645
41543642
41543287
41539207
41539130
41538956
41537778
41537569
41537459
41535900
41535885
41534730
41534122
41533913
41533869
41533846
41533447
41532316
41531546
41530847
41530839
41530724
41530201
41529560
41529235
41529202
41529134
41528828
41527228
41527091
41526871
41526814
41526671
41525942
41524889
41524233
41521718
41521699
41520479
41520276
41519224
41519071
41518141
41517677
41517675
41513683
41513584
41512215
41512200
41511845
41511492
41510843
41507563
41507469
41506004
41505231
41504309
41503834
41501651
41501475
41501173
41501065
41500323
41500316
41499559
41499243
41498476
41498144
41496099
41495761
41495095
41494698
41494241
41493440
41492957
41492175
41491351
41491274
41490086
41486949
41485511
41485457
41485407
41485131
41484026
41483080
41482248
41481893
41481858
41481605
41481468
41480591
41478827
41478253
41478252
41478019
41477236
41476111
41475132
41472458
41472455
41472358
41470840
41470048
41469913
41469605
41469306
41468998
41468623
41467871
41467870
41467390
41466307
41465104
41462458
41462300
41462286
41461656
41461058
41460672
41460581
41458558
41458058
41457533
41456925
41456479
41456107
41455514
41454831
41454374
41454068
41453665
41452761
41451870
41451437
41449919
41449055
41448960
41448863
41448845
41446504
41444601
41444482
41444248
41444232
41444229
41443320
41443307
41443155
41439685
41437053
41436735
41436277
41435840
41435617
41432036
41430986
41429783
41429224
41428372
41428259
41423299
41422976
41422973
41422857
41422596
41421942
41421792
41420912
41419685
41418719
41416569
41416158
41413773
41413047
41412778
41412497
41412075
41411817
41411714
41411626
41411614
41411243
41411000
41410235
41408353
41408349
41408084
41408044
41407383
41407115
41406505
41405899
41405308
41404739
41404655
41403944
41403373
41402372
41401076
41399987
41398882
41398864
41398837
41398822
41398793
41398650
41398582
41398300
41397692
41396600
41392280
41392155
41392094
41391741
41390803
41390671
41390625
41390485
41389732
41389724
41389333
41388643
41387699
41387681
41385362
41385310
41382396
41381648
41381541
41381446
41380927
41380687
41380478
41380425
41380003
41379162
41379070
41378496
41377938
41376588
41376171
41372266
41371754
41371356
41371354
41371334
41370394
41369132
41368934
41368832
41368219
41366970
41366924
41366418
41366404
41366086
41366026
41365093
41363690
41361816
41360794
41360737
41360205
41359711
41358468
41357133
41355709
41355483
41353463
41353206
41353132
41352445
41351645
41351134
41351111
41350918
41350739
41350700
41350531
41350255
41349538
41349513
41349435
41348741
41348656
41348378
41347257
41346098
41346045
41345547
41345374
41344278
41343376
41342355
41342072
41340014
41339782
41339308
41338452
41337762
41337673
41336924
41336733
41336697
41336694
41336473
41335931
41335836
41335219
41334958
41334764
41334740
41334714
41331826
41331463
41331235
41330881
41329349
41328607
41327660
41327637
41327509
41326748
41326745
41326017
41325973
41325807
41325806
41325389
41324749
41324573
41324495
41324467
41324311
41324228
41323595
41321218
41319223
41316897
41316844
41315334
41314897
41314551
41314110
41314057
41313522
41312619
41311062
41310661
41310556
41309676
41308884
41306536
41305784
41305735
41305726
41305409
41300831
41299814
41299092
41298802
41298211
41298165
41297543
41296017
41294697
41292296
41291629
41291527
41291081
41290610
41290299
41289998
41289847
41288865
41287437
41287107
41286771
41286463
41286184
41286096
41285827
41285252
41285086
41282433
41277422
41275760
41275639
41274575
41274324
41273050
41272894
41272658
41272128
41271603
41271412
41270966
41270115
41270070
41268610
41268171
41267647
41267421
41267182
41267068
41267019
41266786
41266648
41265854
41265653
41265617
41264845
41264374
41264079
41264027
41263499
41263398
41261954
41261714
41261649
41261648
41261634
41261617
41261599
41261143
41260926
41260173
41259721
41258759
41257845
41257832
41257811
41253807
41253148
41252339
41252200
41251802
41250084
41250080
41249132
41249008
41248861
41248177
41247789
41247703
41247428
41247058
41243889
41243808
41243181
41242189
41241666
41241383
41241110
41240371
41239706
41239684
41239610
41239582
41239537
41239514
41239333
41238730
41238566
41238324
41238163
41237094
41236416
41236085
41234001
41232836
41232450
41232325
41231633
41231125
41230768
41226733
41225158
41225014
41224763
41224532
41224007
41223562
41223176
41222724
41221640
41220298
41220154
41220142
41219961
41219878
41219695
41219287
41217826
41217319
41214542
41213722
41213402
41213303
41208447
41207645
41207133
41206978
41206888
41206819
41206730
41206703
41206526
41206280
41206123
41206104
41206013
41205222
41205073
41204547
41204539
41204532
41204530
41204398
41203739
41203608
41202738
41201259
41200820
41200167
41197911
41196129
41196107
41195650
41195593
41194659
41194606
41193836
41193809
41191669
41191649
41190778
41190437
41189327
41189257
41189249
41189183
41188831
41188601
41188465
41188330
41187818
41187617
41187262
41187022
41186517
41186289
41184868
41184541
41184419
41184112
41183960
41183671
41182406
41181882
41180192
41179752
41178744
41178702
41178319
41177554
41175897
41175793
41175704
41175703
41175096
41174686
41174666
41174351
41173893
41173843
41173832
41173821
41173516
41173274
41173105
41173055
41172793
41172704
41172584
41171227
41171195
41169050
41168980
41168948
41167550
41167325
41165774
41163627
41163186
41163157
41163015
41162477
41161813
41161301
41160717
41159907
41157822
41156518
41155354
41152987
41152271
41152224
41152047
41151919
41151720
41151011
41150707
41148138
41147705
41147404
41145618
41145312
41144973
41144113
41143857
41142312
41140223
41140202
41140120
41139926
41139206
41137671
41137215
41137211
41136463
41136342
41136321
41135676
41135662
41134885
41134883
41134489
41133925
41131989
41130969
41129721
41129148
41129127
41128551
41128446
41128158
41128150
41126404
41125420
41124886
41124430
41124095
41123764
41121378
41121237
41121051
41120892
41120810
41120693
41118419
41117240
41116190
41115957
41115669
41115488
41112270
41111900
41111061
41110628
41110464
41110209
41109744
41108311
41107957
41106605
41106504
41106428
41105198
41105181
41102931
41102819
41102794
41102563
41102556
41102544
41102190
41101894
41101471
41101407
41101371
41100428
41097903
41097191
41097109
41094544
41094526
41094475
41094370
41094136
41093635
41092367
41092306
41092288
41091214
41091196
41088953
41088759
41088671
41088644
41088635
41088579
41088570
41088435
41088299
41088066
41088055
41087968
41087205
41087098
41086816
41085200
41085160
41083994
41083719
41082512
41078087
41077126
41077121
41076328
41075270
41075130
41074692
41074136
41073837
41073786
41073501
41073128
41073127
41072905
41072869
41072116
41071653
41071644
41071633
41070538
41068971
41068969
41068909
41068897
41068706
41068666
41068435
41067994
41067549
41067510
41066853
41066301
41065563
41065262
41062143
41061903
41061880
41061592
41060636
41060444
41059632
41058202
41057938
41057301
41056811
41056493
41056021
41055629
41054853
41054850
41054305
41053885
41053791
41053749
41053002
41052990
41052968
41052659
41052571
41048872
41047128
41046934
41046013
41045493
41044581
41044249
41044166
41043895
41043871
41043510
41043097
41042714
41042183
41042107
41041314
41039941
41039880
41039869
41039395
41038678
41038527
41036781
41036672
41034901
41034855
41034549
41033940
41033481
41033065
