41726445
41726399
40783865
40417509
40226712
40226710
40226662
40074311
40054233
40039995
40039748
40039237
39911233
39905953
39902040
39896234
39887119
39882263
39858580
39809179
39809149
39801100
39799755
39799098
39796544
39796473
39796472
39793323
39775791
39770955
39770924
39770894
39760673
39757726
39754912
39743471
39742967
39742733
39741416
39741290
39740741
39740299
39739889
39739349
39738665
39738366
39737667
39736738
39736679
39736507
39736334
39736190
39734325
39734228
39734043
39733985
39733319
39732592
39732430
39732110
39731856
39730838
39729424
39727065
39725839
39725442
39725155
39724785
39723615
39723538
39721983
39721142
39719816
39719503
39719181
39718377
39717880
39716370
39716115
39715877
39714283
39713929
39710193
39709418
39708996
39708637
39708635
39708426
39708029
39707330
39707285
39706855
39706703
39705479
39705472
39705437
39705098
39704901
39704077
39703074
39702585
39702291
39701868
39696687
39696368
39696080
39696061
39695684
39695648
39695248
39694335
39694290
39694150
39693428
39690559
39689778
39689375
39687074
39686681
39686495
39686445
39686424
39684283
39683631
39683459
39683449
39682065
39680354
39675506
39674127
39673284
39673206
39673021
39672473
39672249
39671448
39670433
39668402
39668276
39668158
39668106
39667926
39667719
39667048
39666780
39666174
39663904
39663756
39663699
39663608
39662686
39662181
39662157
39658624
39657956
39657951
39657752
39657297
39656405
39655431
39654488
39654303
39654221
39653777
39652873
39652205
39651830
39647990
39644883
39644737
39644736
39644568
39644256
39644177
39643932
39642867
39641749
39641165
39639347
39639156
39638772
39638265
39638041
39637925
39637863
39637861
39637673
39633578
39633572
39633571
39633544
39633408
39632723
39632479
39632152
39631987
39629563
39628070
39627804
39627187
39626789
39625957
39624895
39622843
39622188
39621803
39620366
39620226
39617873
39617478
39616874
39616224
39615872
39615757
39614984
39614878
39614876
39614691
39614281
39614194
39614183
39614164
39613205
39613042
39612082
39611256
39610287
39609904
39609539
39608471
39607119
39604955
39604873
39604734
39604510
39604029
39603344
39603322
39602984
39600154
39596582
39595643
39593222
39592985
39592890
39592779
39592495
39592086
39587552
39587367
39587092
39586964
39585470
39582374
39582249
39581385
39580622
39580111
39579765
39578829
39578329
39577812
39577501
39576882
39575750
39575717
39575704
39574033
39572783
39572695
39570618
39570587
39568816
39568230
39568213
39567890
39567769
39567532
39567382
39566677
39566261
39563289
39563277
39563274
39562688
39561769
39561567
39560526
39560198
39559882
39558002
39557910
39557423
39557340
39552398
39551887
39551120
39551095
39551000
39550820
39550770
39550435
39550224
39550221
39549888
39548715
39548477
39548300
39547964
39547959
39547383
39547039
39545903
39544105
39543288
39543113
39541979
39541697
39540860
39540306
39540094
39538979
39538117
39537602
39537208
39537106
39536975
39536527
39536478
39536393
39533573
39532196
39535783
39535692
39535371
39533594
39533575
39532881
39532837
39532828
39532554
39527539
39526476
39523898
39523850
39523304
39522012
39521843
39521299
39520928
39520911
39519513
39519494
39519409
39516519
39516378
39515216
39511865
39511824
39511639
39511567
39511343
39511256
39510601
39510220
39506848
39506811
39506244
39508149
39505872
39505019
39504918
39504675
39504504
39504440
39504381
39503246
39502073
39501636
39501212
39500367
39499541
39499225
39497303
39497270
39496061
39493760
39490735
39490728
39490725
39490584
39487349
39482741
39482694
39488861
39488238
39488213
39488097
39488025
39480913
39486893
39478033
39477889
39477866
39477366
39477077
39474987
39473508
39472987
39472661
39472519
39471479
39468953
39468307
39467290
39467168
39466646
39466182
39465831
39465791
39465765
39464879
39464184
39463411
39460944
39458547
39457408
39457114
39455599
39455418
39455192
39453753
39449364
39448895
39448744
39448314
39447777
39447179
39445587
39445502
39445015
39444310
39443972
39443947
39443521
39443279
39442521
39442342
39442069
39441508
39441329
39440482
39439568
39439267
39438930
39438733
39438716
39438628
39438592
39437577
39437570
39436832
39435892
39434152
39434104
39434051
39434035
39433891
39433077
39433070
39433008
39432608
39429737
39429142
39428439
39428403
39427925
39427200
39426521
39426517
39425782
39425590
39425533
39425076
39424787
39424455
39424418
39424166
39423956
39423936
39423864
39422662
39422841
39419750
39419130
39418858
39417685
39415792
39415179
39415140
39413883
39413583
39413579
39413577
39412818
39412545
39412356
39412235
39410749
39407224
39407144
39407013
39406732
39406500
39406345
39405349
39405064
39404821
39404063
39403923
39403589
39402736
39401857
39401602
39400531
39397782
39397220
39396957
39396641
39395990
39395721
39395678
39395374
39388067
39387466
39395132
39394735
39394616
39394562
39393512
39392583
39392566
39392242
39391916
39391305
39390756
39390683
39390542
39390048
39389333
39389016
39388339
39388260
39387147
39387050
39386997
39385584
39384879
39384777
39384229
39383998
39382304
39381876
39380376
39380026
39379999
39379490
39379299
39378120
39377282
39375737
39375339
39375304
39374800
39370886
39370813
39370703
39370105
39370033
39369663
39369548
39368287
39368088
39367918
39367739
39366334
39365385
39364876
39364726
39362880
39362226
39361532
39361235
39361088
39360436
39358768
39358504
39358353
39358315
39357380
39354277
39353511
39356276
39355936
39355913
39355614
39354608
39354455
39354406
39351534
39350628
39350213
39349990
39349772
39349699
39349469
39349253
39348397
39348288
39345885
39345878
39343863
39342056
39341434
39340900
39340798
39340432
39340156
39336717
39334214
39333915
39333847
39333296
39333190
39332922
39332904
39332408
39332264
39332193
39331875
39331845
39327893
39325883
39324397
39324273
39324186
39322921
39322779
39322778
39322770
39322746
39322327
39322091
39321409
39321268
39320086
39317645
39316934
39316383
39315829
39315407
39313919
39313615
39313314
39312585
39312361
39307671
39307396
39307279
39306731
39306487
39305789
39305755
39302270
39297800
39297449
39304430
39301620
39302970
39302424
39300958
39299824
39299614
39299580
39299445
39299233
39298701
39295078
39294559
39294524
39294438
39293485
39292644
39292536
39292460
39292264
39291781
39291673
39291465
39289727
39289682
39289647
39289386
39289047
39288835
39288744
39284978
39284832
39283829
39279141
39279038
39278973
39278771
39278107
39278001
39277537
39268635
39275199
39271676
39271387
39271386
39271150
39271066
39269986
39269854
39269836
39269397
39267013
39265807
39264406
39263770
39261734
39261665
39261450
39260576
39260564
39258645
39256582
39256489
39256053
39256051
39255064
39254778
39254666
39252463
39252407
39251953
39251923
39250132
39249108
39248183
39248121
39247955
39247921
39245058
39244951
39244880
39244001
39242168
39241967
39241508
39240854
39240552
39240279
39238406
39237933
39237921
39237361
39237126
39237061
39237012
39236878
39234806
39233532
39233364
39230897
39230550
39228266
39227814
39226947
39225790
39225754
39225381
39225363
39225155
39223976
39223569
39222903
39222688
39222019
39218908
39218868
39218312
39218306
39218228
39216657
39216592
39216403
39216149
39215636
39212933
39207753
39215321
39215131
39214513
39213898
39213809
39213443
39210532
39210428
39210322
39210312
39209703
39209617
39209554
39208585
39208031
39205608
39205434
39204870
39203912
39203827
39203740
39202443
39198552
39197553
39196575
39196557
39196222
39196113
39196037
39195936
39193914
39192528
39192471
39192095
39192094
39191665
39191137
39190705
39190584
39190485
39190310
39190027
39189955
39188230
39187806
39187616
39187491
39187133
39186911
39185608
39182467
39181446
39181259
39181205
39180942
39180548
39180332
39180217
39179767
39178994
39178373
39178279
39177387
39177057
39175018
39174689
39173280
39172036
39171755
39170741
39169570
39169268
39168802
39168304
39168247
39168098
39168091
39167384
39167023
39166843
39165053
39164879
39164872
39164307
39163977
39163975
39161322
39161069
39159603
39158415
39157858
39155482
39155166
39154125
39153414
39153412
39152336
39151805
39151487
39151264
39151235
39150790
39150755
39150392
39148655
39148063
39148062
39148045
39147865
39147227
39147144
39146375
39145394
39145386
39143707
39143294
39143063
39142818
39142612
39141892
39141363
39139765
39138864
39138355
39137837
39137145
39137135
39137110
39136778
39135627
39135019
39134790
39134668
39134210
39134150
39133491
39133488
39133460
39133382
39132911
39132877
39129223
39129094
39128919
39128825
39128563
39128550
39127978
39127804
39127093
39127052
39126459
39125264
39122030
39121604
39121250
39120057
39119976
39118137
39118108
39118094
39117878
39117363
39117358
39116870
39116147
39115837
39115672
39115510
39113134
39113083
39113079
39113061
39112975
39111972
39111815
39110727
39108220
39107721
39106873
39106865
39106577
39105325
39103831
39103532
39103489
39102652
39099490
39099143
39098611
39098539
39098479
39098364
39097094
39096550
39095822
39094690
39094556
39094473
39094296
39094281
39094016
39093603
39091241
39090671
39090236
39090170
39089490
39089379
39088323
39087351
39086331
39086030
39085775
39085554
39085222
39085219
39084518
39084486
39084054
39082383
39082195
39080969
39080466
39080267
39078629
39075494
39075461
39075262
39075060
39074751
39074619
39073225
39072584
39069817
39068759
39067859
39067852
39064798
39064755
39064737
39064694
39062709
39062663
39060724
39059576
39059476
39059285
39056794
39056582
39054435
39053885
39053457
39052961
39052236
39051177
39051123
39050602
39048794
39047901
39047689
39047204
39045836
39045268
39044827
39044526
39044525
39043809
39043640
39042512
39042033
39041487
39039470
39038446
39038097
39036049
39033263
39033162
39030628
39029667
39029346
39029026
39029022
39028453
39026678
39026309
39026267
39025996
39025330
39024955
39024928
39024248
39020335
39019260
39019228
39018711
39017683
39016115
39014423
39014000
39012635
39012505
39012339
39011893
39010847
39010294
39010041
39009924
39009607
39009591
39009316
39009308
39009250
39009197
39009185
39008506
39007864
39005072
39004446
39003294
39003202
39001888
39001774
39000484
39000133
38999798
38999772
38997780
38997689
38997278
38996710
38996142
38995791
38995782
38995775
38995667
38994009
38991416
38991398
38991381
38990837
38990459
38987751
38987736
38987645
38987359
38987242
38986768
38986270
38986174
38984680
38982844
38982318
38982111
38982044
38981460
38980841
38980374
38980365
38979415
38977856
38977452
38977296
38976826
38976552
38976319
38975351
38973570
38973267
38972593
38972358
38972114
38971538
38971468
38971194
38970920
38970786
38969939
38969833
38969023
38968504
38968463
38968079
38967065
38965945
38965592
38965574
38965376
38965219
38964877
38964658
38962682
38961452
38961447
38961113
38961069
38960375
38959863
38959269
38958042
38956566
38956227
38956042
38955725
38955589
38953853
38953498
38952391
38952070
38951922
38951820
38950855
38950854
38950778
38950629
38948277
38948274
38946529
38946356
38945795
38945128
38944998
38944843
38944039
38944013
38943931
38943703
38943474
38943064
38942983
38942746
38942297
38942116
38941958
38941948
38941438
38941401
38941394
38941363
38940861
38940271
38937739
38935034
38934729
38934512
38931287
38926899
38926784
38926672
38926486
38925660
38925519
38925507
38925120
38923848
38922602
38918768
38917709
38917008
38915402
38915009
38914854
38914770
38913720
38913556
38912785
38912597
38909935
38909811
38908374
38906750
38906208
38905357
38905121
38903584
38901952
38901535
38901303
38899940
38899555
38898507
38897329
38897328
38897203
38896974
38896900
38896866
38894691
38892680
38892172
38890263
38889383
38889166
38888882
38888457
38888057
38887910
38886587
38886520
38886353
38886095
38886003
38885569
38883598
38880145
38879446
38878990
38878115
38877563
38877527
38875006
38874105
38873319
38872215
38872030
38871555
38870855
38870224
38869698
38867282
38866159
38866020
38866010
38864275
38863932
38862999
38862964
38862855
38862854
38862513
38862354
38862035
38861560
38861327
38860751
38858783
38858654
38858598
38858361
38857589
38856136
38855449
38853292
38853248
38852004
38851890
38851830
38850089
38849421
38849058
38848523
38848344
38847847
38847449
38844213
38844164
38843742
38843582
38843484
38843050
38842807
38842659
38842646
38842441
38841662
38839194
38838996
38837130
38837026
38836468
38836225
38834872
38834850
38833617
38833180
38833012
38831536
38831433
38831391
38830935
38830831
38830342
38828839
38828614
38825199
38824654
38824251
38823158
38823087
38822946
38822050
38821420
38821386
38819879
38819028
38818948
38818935
38818872
38816182
38815780
38815706
38811692
38811690
38811555
38811538
38811283
38810510
38810493
38809691
38809548
38809392
38808524
38807501
38807170
38807092
38806788
38806679
38806463
38806447
38806065
38805405
38805227
38802944
38802582
38802408
38802400
38801491
38801216
38800978
38798015
38797415
38797326
38797279
38796576
38795606
38790194
38789140
38789058
38788553
38788260
38787985
38787916
38787375
38787369
38784975
38783818
38783251
38782943
38782831
38781512
38781393
38781035
38780189
38779956
38779854
38778419
38778174
38778045
38777435
38776916
38776627
38776272
38775917
38775178
38773257
38773065
38772848
38772505
38772221
38772143
38769620
38769606
38769477
38769011
38768818
38768297
38768076
38768019
38767715
38767674
38764254
38764043
38764005
38763986
38763176
38763081
38762473
38760801
38760772
38760725
38760724
38760657
38760520
38758640
38757378
38755654
38755244
38754804
38754433
38754306
38750765
38750544
38750076
38749693
38749557
38749448
38749298
38749096
38747164
38747160
38746977
38745951
38744975
38744903
38744179
38742477
38742457
38741190
38740014
38739369
38737549
38735950
38735916
38735583
38735577
38735573
38735551
38734658
38734111
38734042
38732531
38731833
38730474
38729796
38729222
38729191
38728360
38728357
38727677
38727581
38725159
38724583
38723982
38723778
38723059
38722595
38721896
38720515
38719437
38719300
38718556
38718314
38718126
38716763
38715336
38715244
38715068
38714703
38714485
38714275
38713911
38713803
38713594
38712680
38710707
38710337
38706290
38705923
38705875
38705554
38704685
38704684
38703900
38703417
38702251
38702045
38701939
38701913
38701321
38701087
38701081
38700053
38698853
38698019
38697980
38697272
38696021
38695391
38693451
38693307
38692219
38690905
38688524
38687190
38687159
38686888
38686862
38686512
38684374
38683826
38683289
38682722
38681765
38680051
38679855
38679325
38678821
38678818
38678684
38678512
38678085
38677521
38677479
38676558
38676403
38674428
38674412
38674349
38674010
38671551
38671509
38670319
38670238
38669373
38669241
38668731
38665050
38664839
38664414
38664224
38664127
38664123
38663478
38663052
38661323
38660492
38658794
38656964
38656457
38655282
38653246
38652573
38650934
38648509
38648144
38647042
38645852
38643935
38642637
38642587
38642556
38641429
38640268
38640244
38639992
38639678
38639378
38639369
38639304
38637937
38637815
38637627
38637616
38636844
38636557
38636355
38635888
38634508
38633818
38633755
38632662
38632649
38632618
38632546
38632388
38632276
38632038
38631523
38631091
38630597
38630500
38630317
38629919
38628588
38628153
38627847
38626061
38625909
38625555
38623713
38623619
38622600
38618988
38618987
38616272
38614075
38613909
38613070
38609985
38609641
38608754
38608711
38608567
38608311
38608121
38607561
38607442
38605869
38604451
38603980
38602922
38602744
38601989
38600850
38600383
38600095
38599307
38598551
38598228
38598163
38597977
38597880
38595152
38593324
38593073
38592034
38589871
38589703
38589365
38589364
38589227
38588963
38588726
38587286
38587181
38586463
38584392
38583779
38583262
38582859
38582304
38582035
38581863
38581769
38581644
38581608
38581399
38581251
38580915
38580839
38579592
38579063
38578756
38578439
38578269
38576857
38573824
38573218
38571313
38570925
38569979
38569876
38568024
38567587
38566994
38566993
38565598
38565579
38565542
38565065
38564865
38564861
38564682
38563665
38563586
38563285
38562416
38561399
38560977
38558498
38556842
38556722
38555549
38554711
38554235
38553835
38551411
38551161
38548989
38548265
38548197
38548025
38546730
38546604
38546438
38546334
38546142
38542719
38542718
38539016
38538751
38538606
38538590
38537750
38537388
38536640
38536491
38536179
38536116
38533647
38532472
38531894
38531849
38531250
38530864
38530247
38529640
38529389
38528819
38528787
38528394
38528199
38528049
38527901
38527395
38526503
38526151
38523305
38523292
38523269
38522756
38522476
38521977
38521508
38520525
38520024
38518085
38517790
38517173
38515211
38514769
38514173
38514140
38513668
38512875
38512255
38511326
38509709
38509615
38509588
38509472
38509467
38509034
38508993
38508868
38508268
38507016
38506902
38506820
38506781
38504987
38504981
38504196
38503751
38503356
38502664
38500529
38500443
38499679
38498041
38497824
38497484
38497224
38497116
38493659
38492747
38491971
38491763
38491524
38490208
38487346
38486201
38485964
38484975
38484892
38483402
38482998
38482663
38481272
38481241
38480934
38480817
38479998
38479931
38479924
38479735
38479499
38479309
38477908
38477821
38477810
38477772
38477120
38475845
38474800
38474722
38472621
38472178
38471624
38470988
38469674
38469291
38468152
38466796
38466476
38466289
38465593
38464560
38461055
38460809
38460471
38460426
38459230
38459184
38459180
38458846
38458351
38458338
38458077
38457975
38457211
38456579
38454415
38454350
38454133
38453136
38452652
38451433
38450827
38450723
38449867
38447817
38446993
38445888
38444589
38443833
38442950
38442776
38442596
38442473
38442287
38441893
38441677
38441259
38440060
38439604
38438384
38437645
38437596
38437179
38436791
38433682
38431123
38430541
38429948
38428885
38428270
38427737
38426435
38426188
38425755
38425181
38424358
38423161
38423097
38423078
38422952
38421485
38419059
38418213
38418196
38417587
38417408
38416767
38416492
38416462
38416166
38413668
38413053
38412862
38412317
38412310
38411962
38411598
38410800
38409652
38409502
38409228
38408649
38408508
38405157
38402819
38402414
38402308
38398847
38397143
38396255
38395962
38389069
38388112
38387257
38387085
38386728
38386694
38385219
38383449
38382819
38382313
38381161
38380547
38379519
38378514
38375916
38375191
38374762
38374757
38374751
38373851
38372997
38372322
38367896
38366150
38366106
38365930
38365917
38364900
38363572
38363054
38361027
38360877
38360584
38360481
38359877
38359750
38358931
38357791
38356679
38355787
38355598
38355565
38353970
38351326
38351177
38350061
38349571
38348794
38347632
38347190
38347022
38346560
38346204
38345889
38345150
38343175
38342741
38342442
38342085
38341813
38341308
38341154
38341150
38341067
38340285
38339898
38336700
38336614
38336194
38336023
38335777
38335242
38332183
38332132
38331848
38331807
38331642
38331324
38330803
38328972
38326120
38325778
38324981
38324182
38323938
38321471
38320991
38320950
38320878
38320667
38317440
38317131
38316272
38310026
38309483
38308753
38308373
38308367
38307157
38306564
38304424
38303102
38302934
38302923
38302749
38302747
38302499
38302190
38301826
38299341
38297974
38297378
38297030
38296577
38296029
38295999
38294877
38293834
38291515
38290630
38290287
38289866
38288504
38287401
38286227
38286224
38282238
38282013
38280379
38279947
38279876
38279040
38275237
38275085
38274228
38269969
38269249
38268029
38267566
38267466
38267387
38266930
38266105
38265471
38265251
38263490
38263244
38263233
38262521
38260160
38260157
38260151
38260127
38259461
38258506
38254212
38254067
38253929
38253643
38253174
38252435
38246286
38244790
38244788
38243829
38243265
38243159
38241289
38241044
38240050
38239089
38238005
38234143
38233852
38233469
38233012
38232728
38232082
38231881
38230713
38230569
38229569
38229469
38229171
38228698
38226782
38226488
38225649
38225615
38225574
38225564
38225527
38225345
38224984
38224876
38224536
38224241
38222374
38221612
38221591
38220394
38220361
38220216
38219651
38218525
38218434
38212471
38212367
38211754
38211689
38211679
38211481
38206971
38205890
38200293
38200128
38199582
38199419
38199417
38198699
38198570
38198221
38195516
38195495
38195400
38195164
38195008
38194192
38191925
38191683
38191510
38191483
38190638
38190230
38185989
38185688
38185094
38183377
38183343
38182794
38182743
38181928
38181733
38181703
38181549
38181322
38181303
38180560
38180233
38179710
38178379
38178098
38178090
38177695
38177066
38176684
38176446
38175715
38175645
38172896
38171411
38170769
38170539
38166915
38166701
38165718
38165331
38165323
38163566
38161123
38160295
38160284
38160283
38159486
38159401
38157962
38156552
38156471
38154569
38154517
38154475
38151753
38151608
38151225
38151182
38150231
38148627
38148158
38147345
38147328
38146598
38145876
38142967
38142832
38142718
38141223
38141141
38134266
38131187
38128545
38128266
38123642
38123074
38118447
38117513
38112569
38112489
38112100
38109175
38104003
38103877
38103521
38103512
38102060
38100958
38100387
38100139
38098267
38097766
38097206
38095720
38095658
38095106
38093177
38087427
38086281
38085929
38085289
38085061
38085043
38082205
38081449
38081346
38081205
38073256
38073250
38072013
38071553
38066693
38065716
38065478
38065472
38065279
38064325
38064154
38063144
38061785
38057974
38057395
38056704
38050769
38050152
38048800
38048621
38044484
38042409
38042194
38040849
38039689
38038665
38038193
38036055
38036035
38035555
38031296
38029284
38018286
38018135
38016292
38015384
38013591
38013452
38013398
38013064
38009393
38009009
38007406
38000660
38000468
38000092
37997550
37995010
37993362
37992969
37992774
37990960
37989438
37988592
37987834
37986550
37985486
37985251
37984624
37984403
37982786
37982563
37981722
37977264
37975174
37973425
37968161
37967698
37966923
37964430
37955559
37952204
37952094
37951457
37951389
37948020
37947877
37945330
37945290
37944693
37941404
37940366
37939791
37936397
37935336
37932860
37931855
37930885
37930845
37929589
37927163
37926784
37926442
37926247
37920887
37919896
37918457
37917198
37914956
37910111
37909916
37909388
37903942
37897683
37891401
37889850
37889226
37884785
37884160
37882086
37881162
37878590
37877683
37874776
37871746
37870426
37861743
37855261
37852586
37850252
37848731
37846527
37845420
37838806
37831898
37831014
37830502
37827852
37827425
37821910
37820988
37820945
37815300
37814392
37813170
37811979
37807832
37804123
37802914
37798826
37795945
37789775
37788476
37787818
37782583
37779488
37777843
37777824
37773999
37770350
37768647
37768248
37758206
37753710
37752310
37750294
37741522
37740713
37740545
37738616
37736821
37734636
37733221
37728483
37725912
37715771
37702655
37702310
37697428
37696489
37690594
37690589
37688479
37678743
37675869
37673655
37672020
37671773
37668042
37665960
37660722
37648937
37638657
37634759
37634304
37625151
37622533
37614046
37612215
37610595
37608605
37606917
37606881
37605021
37589638
37579307
37578935
37578112
37572975
37572045
37560908
37551793
37550565
37549427
37544968
37543299
37529978
37526907
37526906
37523034
37522462
37506393
37489815
37485895
37471044
37468793
37467357
37436715
37435841
37414746
37407315
37406925
37391117
37348803
37307821
37263540
37261866
37257135
37237036
37236906
37218687
37209418
37158699
37129545
37074466
37016768
36990674
36897773
36871624
36801455
36735653
36610078
36573058
36529820
35953519
39193262
