37310314
37118545
37118065
37117740
36924244
36857144
36811574
36811571
36803976
36789942
36788058
36733281
36729536
36699869
36696232
36672803
36648036
36642660
36615690
36615681
36600446
36591268
36587059
36585646
36584111
36583230
36582365
36581688
36580444
36580301
36580284
36576600
36574950
36572457
36569933
36568745
36568114
36567534
36566876
36565701
36563696
36558494
36558463
36553520
36550182
36550123
36543808
36543768
36542907
36542873
36542288
36541441
36537585
36535980
36535189
36530697
36529820
36528860
36528340
36528209
36527564
36526487
36525430
36522755
36519770
36517845
36517625
36517471
36516597
36516523
36515951
36514169
36514134
36514123
36513988
36513763
36513072
36512526
36512045
36508215
36507867
36504327
36503897
36502284
36501077
36501061
36497168
36496374
36495933
36493826
36493747
36493335
36490288
36484568
36482759
36482467
36482104
36481699
36481370
36480766
36479845
36477264
36476644
36473423
36471350
36470944
36470375
36469027
36464539
36463771
36463630
36462729
36462434
36459845
36459724
36459520
36458946
36456045
36451375
36451350
36450978
36450729
36450278
36448979
36447372
36447293
36446790
36444831
36442731
36441335
36436007
36434048
36430859
36427627
36426750
36426713
36424669
36424608
36424578
36424572
36417676
36415971
36413936
36413587
36411396
36411363
36410544
36409970
36407298
36405091
36402876
36402844
36401354
36400784
36397104
36396607
36396079
36395175
36395078
36385622
36385154
36384558
36383675
36383614
36379544
36379419
36378351
36378208
36377279
36377121
36377051
36372681
36372304
36372100
36368478
36368244
36367493
36364932
36357562
36356475
36353998
36352240
36351667
36350810
36347158
36347157
36344982
36344655
36344522
36336714
36336692
36336676
36335127
36334822
36334679
36334133
36333523
36333391
36333282
36329166
36329022
36328784
36326078
36322888
36321943
36320076
36320039
36319577
36319053
36318282
36317527
36316489
36316431
36316288
36314129
36312318
36311265
36310158
36309747
36309714
36308984
36307799
36307513
36306736
36306611
36305497
36303185
36302817
36302460
36302445
36301540
36300678
36300346
36299452
36297117
36297114
36297015
36292594
36288729
36282503
36281921
36280732
36280553
36280346
36279545
36277472
36271874
36271454
36270037
36269708
36268725
36265503
36265482
36264615
36259584
36258297
36253742
36253532
36253519
36253437
36253103
36252619
36250789
36250602
36249200
36248866
36246900
36246884
36245378
36244801
36244797
36244420
36243769
36243314
36241887
36240765
36239377
36235711
36235690
36235661
36235559
36231244
36229801
36229773
36229030
36228550
36228192
36227072
36227056
36224602
36223793
36223334
36223333
36221229
36220873
36219796
36219204
36217157
36217013
36216889
36215071
36209412
36209141
36208176
36208030
36206883
36205767
36204988
36201210
36199128
36199126
36198681
36198314
36198219
36196897
36196587
36195457
36194491
36194337
36194023
36193707
36192376
36190732
36183084
36182724
36182335
36181450
36177651
36175979
36174399
36173949
36171548
36171142
36170352
36169986
36169945
36163213
36163151
36162818
36162675
36162666
36162655
36161993
36161899
36152628
36152312
36152054
36150907
36150733
36150406
36149265
36138150
36137075
36137074
36134646
36134520
36131375
36130725
36129566
36129112
36125811
36125206
36124644
36124564
36122870
36122202
36117174
36116076
36115938
36115590
36114182
36114174
36114149
36113328
36111372
36109502
36109160
36106648
36106372
36104610
36104282
36104095
36102938
36102808
36100952
36100869
36099924
36099244
36098472
36094529
36093575
36091497
36089592
36088354
36086304
36085169
36082669
36079862
36076200
36076102
36075499
36069651
36069056
36068934
36067583
36067251
36067235
36067162
36066889
36066878
36066874
36066420
36064688
36064556
36064521
36058577
36058288
36057072
36056235
36056064
36055801
36053807
36053730
36050433
36049682
36048760
36048441
36047410
36047058
36045366
36045363
36044383
36042183
36042048
36041764
36040723
36040623
36039524
36039015
36038880
36038828
36038622
36038257
36037472
36036209
36036170
36036153
36029835
36029480
36029464
36028550
36028495
36027958
36026442
36017880
36016477
36014876
36014780
36014764
36011568
36007526
36006653
36006020
36002830
36002750
36002213
35999565
35997959
35996327
35995978
35995794
35995626
35995490
35995280
35994664
35994481
35994254
35992131
35991068
35990650
35989356
35987817
35987430
35986965
35986173
35984822
35984477
35981585
35980616
35979348
35978398
35978138
35977839
35977816
35977751
35977442
35975661
35975633
35973541
35972662
35972529
35970205
35969388
35965319
35962842
35961582
35956413
35953856
35953651
35953519
35953482
35952636
35952493
35948913
35947896
35947687
35947615
35946401
35945607
35944739
35944243
35942506
35940935
35940884
35940879
35939863
35938915
35938382
35935937
35934032
35933330
35933167
35931311
35927253
35926729
35926371
35925966
35925398
35922433
35921096
35920826
35918656
35915397
35913729
35907931
35907915
35907708
35905688
35905597
35905320
35904973
35904850
35902670
35902171
35900730
35900728
35900194
35896751
35896705
35896674
35896434
35889900
35889840
35880304
35879401
35878836
35876900
35876359
35876003
35870967
35870305
35869152
35867128
35866704
35865545
35863116
35861959
35861954
35861213
35859178
35859134
35857297
35856185
35856088
35854226
35853950
35853559
35852586
35850211
35849013
35848057
35846282
35843793
35842455
35841873
35841389
35841094
35839901
35839537
35838494
35836215
35835912
35835543
35834561
35822614
35822417
35821115
35819183
35816845
35816517
35816464
35811326
35810165
35809217
35808995
35807838
35806110
35803923
35803489
35803473
35801699
35798177
35797272
35797158
35796184
35794436
35794006
35793639
35793595
35793237
35790706
35788660
35787523
35780433
35780382
35780076
35780037
35779662
35779327
35777635
35777174
35776845
35773463
35773277
35772917
35772650
35771998
35770811
35769930
35767013
35766062
35766057
35765714
35764673
35764530
35763943
35763501
35763490
35762974
35762284
35761239
35760239
35758857
35754269
35753852
35751988
35751453
35750963
35750890
35750798
35749744
35748644
35747941
35745194
35741817
35738866
35737388
35735009
35732632
35731045
35730595
35730328
35729236
35727954
35726534
35725988
35721742
35721706
35717579
35715813
35715361
35714612
35714308
35713602
35711612
35710731
35710463
35709753
35708198
35708014
35705942
35704438
35704268
35704044
35703944
35703387
35701596
35701404
35700724
35699189
35698167
35697868
35697867
35696722
35695039
35692403
35692035
35690930
35690125
35689460
35688633
35687092
35686230
35685390
35684074
35681260
35681053
35680855
35679339
35678014
35676089
35675752
35668104
35666716
35666174
35665663
35662426
35659928
35658811
35658006
35656699
35656588
35655218
35655214
35654993
35654884
35654594
35653911
35653391
35652341
35650572
35649421
35648832
35640906
35640889
35639372
35637384
35635846
35633389
35624487
35623617
35622359
35622304
35622233
35622126
35621194
35621185
35621052
35619136
35618017
35616623
35614343
35614088
35613818
35612836
35612725
35612061
35612060
35608247
35606880
35606845
35606578
35604078
35599344
35598520
35598204
35597955
35597771
35595084
35594287
35592775
35590361
35589868
35589863
35589582
35589437
35588860
35585065
35584867
35583917
35583889
35583863
35583136
39193262
35580429
35579976
35578763
35578132
35575404
35568031
35567766
35565667
35553650
35552706
35551264
35550063
35545624
35544595
35544052
35538486
35538205
35538193
35537820
35537532
35536239
35536160
35535512
35534565
35534298
35526028
35525499
35521709
35513912
35513113
35511874
35509091
35508625
35508500
35508184
35505052
35504554
35504290
35501852
35501368
35500836
35500606
35499407
35499342
35489708
35484537
35477353
35474393
35474271
35474192
35473626
35472671
35468914
35468551
35467766
35467761
35462547
35461807
35460399
35460182
35460147
35460076
35459240
35458116
35456501
35452448
35452027
35451454
35450575
35446370
35446358
35445560
35444173
35444168
35442943
35439339
35438196
35437601
35436960
35436955
35436848
35433589
35429337
35427684
35421325
35421261
35421149
35418197
35417845
35411403
35410749
35410495
35409927
35405941
35405176
35403721
35398282
35397106
35394676
35393596
35390725
35389749
35388897
35387809
35385699
35383355
35383168
35381014
35381005
35377426
35373896
35368045
35365899
35365809
35365804
35363255
35362209
35361574
35358546
35357000
35353173
35351028
35349783
35349660
35349659
35348899
35347252
35347136
35347114
35347089
35346749
35346416
35339527
35339005
35337923
35334852
35334789
35333923
35333364
35331410
35331365
35328087
35328073
35324888
35321746
35320144
35318279
35318151
35318112
35314696
35313867
35313082
35312764
35308982
35308936
35308900
35306566
35304435
35302893
35301588
35301376
35301250
35299247
35298920
35297226
35294538
35293152
35292529
35290122
35288978
35288202
35287516
35285476
35278410
35278270
35275999
35275550
35271950
35271877
35271803
35267208
35263625
35262657
35260612
35255491
35255092
35254398
35253444
35248171
35247746
35247066
35246521
35243827
35241774
35240056
35239414
