30679032
30595370
30593698
30583798
30576354
30575882
30573740
30571770
30566020
30554720
30552067
30524134
30539684
30535219
30531941
30531825
30519892
30508204
30511478
30510254
30510122
30509170
30499747
30478852
30478441
30474154
30469083
30467019
30448322
30442986
30427476
30420501
30413934
30404896
30403623
30398016
30389748
30383316
30367974
30362959
30359730
30358150
30355576
30355388
30355295
30352877
30349118
30348997
30343275
30339246
30336701
30327483
30323197
30323177
30318101
30309720
30309464
30306274
30305743
30305740
30297966
30297428
30292817
30286397
30261039
30260755
30254091
30243622
30240442
30235288
30220432
30218068
30217194
30212481
30197049
30181606
30181555
30177863
30171033
30166530
30166351
30165448
30154500
30150289
30124842
30120341
30120083
30108252
30108127
30107595
30104761
30104759
30103784
30093342
30091838
30090940
30086135
30054594
30052639
30048498
30048462
30047479
30046833
30041671
30025129
30022313
30016737
30012324
30012220
30008090
30005032
30003307
29997226
29995854
29988085
29982268
29982196
29977057
29976226
29971434
29970889
29970414
29961893
29959136
29955826
29955180
29954742
29954452
29950300
29947775
29946685
29936916
29936532
29908859
29899525
29893838
29891935
29875125
29875094
29874178
29868910
29856801
29849051
29844566
29844141
29808390
29804699
29801777
29792209
29785956
29785727
29785011
29785010
29784928
29782485
29777993
29777097
29776774
29776014
29771288
29769521
29769355
29760501
29752348
29741272
29739817
29739772
29724143
29718151
29710135
29699973
29691431
29691411
29691392
29691247
29686024
29684174
29679657
29676281
29662166
29662059
29660117
29651651
29642757
29641994
29632216
29626450
29622586
29617998
29615487
29615217
29604327
29594847
29588506
29588329
29581483
29581385
29579109
29569713
29562276
29559693
29559360
29558496
29549348
29538386
29536507
29532460
29520109
29520036
29518662
29518141
29515099
29511167
29509885
29501066
29497042
29490971
29485201
29479646
29462350
29447406
29440150
29437585
29437582
29436472
29429966
29398408
29397368
29396851
29391395
29381683
29358193
29338102
29335253
29332840
29329063
29325150
29317602
29314248
29309628
29307387
29307385
29305563
29295838
29278772
29274927
29259258
29255261
29255044
29254930
29249824
29242259
29237688
29235157
29227965
29212778
29211804
29207491
29199115
29187746
29187730
29171078
29169373
29168353
29145428
29112751
29110330
29106579
30657376
29084183
29079522
29069474
29066090
29040744
29040610
29031762
29030403
29025033
29020281
28993386
28992036
28986505
28985494
28982690
28973022
28972577
28968913
28963089
28957414
28954631
28942963
28937693
28925747
28924184
28917120
28910820
28893854
28873402
28873397
28873088
28871152
28869591
28836039
28809859
28793990
28793914
28793181
28759005
28752806
28748955
28747529
28746715
28736445
28733474
28717197
28714975
28714974
28712995
28711986
28706094
28703694
28696997
28678979
28669905
28646674
28644851
28641372
28601812
28584231
28572633
28566307
28559460
28556459
28552196
28551493
28529332
28488939
28486474
28480974
28454540
28424154
28418403
28411266
28388634
28387438
28379579
28373160
28365468
28364486
28363219
28362817
28341684
28338774
28334838
28317167
28251931
28241076
28238197
28196256
28196072
28194004
28186152
28178995
28166415
28166213
28158566
28146576
28144980
28135244
28128654
28114305
28106621
28095156
28092683
28077465
28075609
28073954
28073953
28056765
28040731
27992416
27989777
27976682
27973677
27959336
27903560
27876820
27864402
27863252
27841878
27824608
27818178
27801894
27799538
27660514
27643430
27438865
27773431
27773354
27764096
27758828
26809841
27437785
27720551
27716837
27702941
27693812
27692269
27636229
27636227
27631769
27596730
27546527
27529168
27520533
27494321
27473438
27466983
27428752
27407038
27270109
27270105
27237867
27232076
27225129
27209633
27207519
27197004
27115122
27110937
27103599
27094806
27089180
27067015
27056396
27046643
27029810
27015805
27008686
27006341
27001997
26995106
26961502
26956984
26955885
26917578
26894596
26846593
26830817
26795427
26795295
26760200
26753864
26746598
26739739
26732621
26703498
26700411
26678491
26670686
26662490
26654569
26652593
26647871
26496350
26481672
26448589
26445480
26430771
26423011
26355837
26302374
26244401
26151266
26084728
26070470
26049253
26049251
26000792
25886648
25826379
25766493
25760329
25749558
25730447
25551408
25550291
25503070
25490859
25229622
25122018
25085103
24974975
24899378
24888710
24884621
24755478
24732693
24518430
24513227
24360142
24336895
24336235
24282498
23990935
23958225
23714095
23604069
23220717
23148109
22722691
22693700
22463865
22411865
21917745
21507012
21214973
20949382
20726090
19748601
19033256
18381396
18381395
18381394
18381393
18381392
18381391
18381390
18381389
18381388
18381398
18370851
17906329
17574079
